1 0.74375 0 0.753125 0 0.7546875 0.0125 0.7515625 0.025 0.7515625 0.0703125 0.7484375 0.0984375 0.75 0.1125 0.7484375 0.1140625 0.746875 0.190625 0.7453125 0.1921875 0.746875 0.19375 0.7453125 0.2421875 0.7421875 0.265625 0.74375 0.26875 0.7421875 0.2703125 0.7421875 0.303125 0.740625 0.3046875 0.740625 0.328125 0.7359375 0.3546875 0.734375 0.409375 0.73125 0.425 0.7328125 0.4265625 0.73125 0.446875 0.7359375 0.45 0.7359375 0.45625 0.7328125 0.484375 0.725 0.49375 0.721875 0.5578125 0.71875 0.565625 0.7125 0.6109375 0.7078125 0.671875 0.7046875 0.68125 0.7015625 0.6828125 0.696875 0.68125 0.696875 0.6640625 0.703125 0.6234375 0.70625 0.5765625 0.709375 0.565625 0.7125 0.5171875 0.715625 0.503125 0.715625 0.484375 0.71875 0.4734375 0.71875 0.4640625 0.7265625 0.45625 0.725 0.45 0.7296875 0.44375 0.728125 0.440625 0.7234375 0.4390625 0.721875 0.4328125 0.721875 0.4109375 0.7234375 0.409375 0.7234375 0.3890625 0.7265625 0.38125 0.728125 0.3140625 0.73125 0.2953125 0.7328125 0.228125 0.7359375 0.203125 0.734375 0.2 0.7375 0.1859375 0.7375 0.1390625 0.740625 0.1234375 0.740625 0.028125 0.74375 0.0015625
1 0.60625 0 0.6140625 0 0.6140625 0.0109375 0.6125 0.0125 0.609375 0.0796875 0.60625 0.0984375 0.603125 0.16875 0.6 0.18125 0.6 0.2125 0.596875 0.221875 0.596875 0.240625 0.59375 0.2625 0.5921875 0.29375 0.5953125 0.296875 0.5953125 0.30625 0.590625 0.3109375 0.590625 0.3234375 0.5859375 0.3421875 0.5859375 0.359375 0.584375 0.3609375 0.5859375 0.3703125 0.5828125 0.3796875 0.5828125 0.3953125 0.5796875 0.4125 0.5796875 0.4328125 0.5765625 0.453125 0.578125 0.4671875 0.5734375 0.496875 0.5734375 0.51875 0.565625 0.55625 0.559375 0.6265625 0.5546875 0.6265625 0.5484375 0.621875 0.55625 0.5640625 0.55625 0.540625 0.559375 0.5265625 0.5625 0.484375 0.5671875 0.4578125 0.565625 0.4546875 0.5671875 0.4296875 0.5734375 0.3953125 0.5734375 0.3703125 0.5765625 0.359375 0.5765625 0.3390625 0.58125 0.303125 0.58125 0.2734375 0.584375 0.265625 0.5890625 0.171875 0.590625 0.1703125 0.590625 0.153125 0.596875 0.1296875 0.5984375 0.0828125 0.6015625 0.06875 0.60625 0.0015625
1 0.546875 0 0.575 0 0.575 0.034375 0.571875 0.05 0.5734375 0.0921875 0.56875 0.1109375 0.56875 0.1578125 0.565625 0.175 0.5671875 0.178125 0.565625 0.2078125 0.5625 0.225 0.5625 0.2609375 0.5578125 0.2875 0.5578125 0.3203125 0.55625 0.321875 0.5578125 0.33125 0.5515625 0.3859375 0.55 0.4421875 0.5453125 0.4734375 0.5421875 0.5609375 0.5375 0.590625 0.5328125 0.6984375 0.528125 0.746875 0.528125 0.7765625 0.5265625 0.7796875 0.51875 0.778125 0.5 0.7796875 0.4921875 0.7734375 0.4921875 0.75 0.4953125 0.7359375 0.4953125 0.7171875 0.4984375 0.6953125 0.4984375 0.66875 0.503125 0.6359375 0.50625 0.559375 0.5109375 0.5296875 0.5109375 0.496875 0.5140625 0.484375 0.5171875 0.425 0.5203125 0.4140625 0.5203125 0.3921875 0.521875 0.390625 0.5203125 0.3671875 0.525 0.3484375 0.525 0.328125 0.5296875 0.2984375 0.5296875 0.2578125 0.53125 0.25625 0.53125 0.2359375 0.534375 0.225 0.5359375 0.171875 0.5390625 0.15625 0.5390625 0.1078125 0.5421875 0.0859375 0.5421875 0.0515625 0.5453125 0.040625 0.546875 0.0015625
1 0.4 0 0.4046875 0.0046875 0.4046875 0.0234375 0.4015625 0.0328125 0.4015625 0.065625 0.3984375 0.0765625 0.3984375 0.1078125 0.4 0.1109375 0.3953125 0.1265625 0.3953125 0.1421875 0.390625 0.153125 0.390625 0.18125 0.3875 0.19375 0.3890625 0.209375 0.3859375 0.225 0.384375 0.253125 0.38125 0.259375 0.3828125 0.26875 0.3796875 0.2828125 0.3796875 0.3203125 0.3734375 0.3703125 0.3734375 0.3859375 0.375 0.3875 0.371875 0.396875 0.371875 0.4203125 0.3734375 0.421875 0.371875 0.425 0.3734375 0.434375 0.3703125 0.4390625 0.371875 0.440625 0.3703125 0.4515625 0.371875 0.459375 0.3671875 0.4796875 0.3671875 0.4984375 0.3625 0.525 0.3609375 0.559375 0.359375 0.565625 0.35 0.5640625 0.35625 0.465625 0.3578125 0.4640625 0.35625 0.3921875 0.3609375 0.3859375 0.3609375 0.375 0.35625 0.3734375 0.35625 0.3703125 0.3609375 0.3640625 0.3625 0.346875 0.365625 0.3375 0.365625 0.3203125 0.36875 0.3078125 0.36875 0.2890625 0.371875 0.2703125 0.371875 0.2375 0.3765625 0.2171875 0.3765625 0.19375 0.378125 0.1921875 0.3765625 0.190625 0.378125 0.1875 0.3765625 0.1640625 0.3796875 0.1578125 0.38125 0.1421875 0.3859375 0.13125 0.390625 0.0625 0.396875 0.009375 0.4 0.0015625
1 0.7265625 0.0171875 0.728125 0.0171875 0.728125 0.0734375 0.7265625 0.075 0.728125 0.078125 0.728125 0.125 0.7265625 0.1265625 0.728125 0.1640625 0.725 0.175 0.7265625 0.1765625 0.725 0.2234375 0.7234375 0.225 0.725 0.2375 0.721875 0.2609375 0.7203125 0.315625 0.7171875 0.3296875 0.715625 0.375 0.7125 0.390625 0.7109375 0.4265625 0.7078125 0.440625 0.7078125 0.4734375 0.7015625 0.51875 0.6984375 0.5859375 0.6921875 0.6078125 0.6875 0.6421875 0.6859375 0.6453125 0.6828125 0.6421875 0.68125 0.6296875 0.68125 0.6140625 0.6875 0.5765625 0.6859375 0.553125 0.690625 0.5484375 0.6890625 0.51875 0.6921875 0.5078125 0.6890625 0.496875 0.6890625 0.478125 0.69375 0.4734375 0.6921875 0.4703125 0.6953125 0.459375 0.696875 0.4328125 0.7015625 0.4078125 0.7015625 0.390625 0.70625 0.3671875 0.70625 0.3359375 0.709375 0.325 0.709375 0.3046875 0.7125 0.284375 0.7125 0.25 0.7171875 0.2171875 0.7171875 0.1796875 0.71875 0.178125 0.7203125 0.1296875 0.7234375 0.109375 0.7234375 0.0578125 0.7265625 0.0453125 0.725 0.034375 0.7265625 0.01875
1 0.7796875 0.0046875 0.78125 0.009375 0.7796875 0.15 0.778125 0.1515625 0.7765625 0.2234375 0.7734375 0.25 0.7734375 0.3171875 0.7703125 0.33125 0.7578125 0.5125 0.7515625 0.54375 0.7484375 0.528125 0.75 0.5234375 0.7484375 0.5109375 0.7515625 0.4953125 0.7546875 0.4234375 0.7578125 0.4125 0.7578125 0.3921875 0.7609375 0.3859375 0.7625 0.3453125 0.7640625 0.34375 0.765625 0.275 0.76875 0.2625 0.76875 0.2234375 0.7703125 0.221875 0.7703125 0.178125 0.775 0.13125 0.7734375 0.1015625 0.775 0.1 0.775 0.0671875 0.7765625 0.065625 0.775 0.0578125 0.778125 0.0296875 0.7765625 0.028125 0.7765625 0.009375 0.778125 0.00625
1 0.425 0 0.440625 0 0.440625 0.046875 0.434375 0.0765625 0.4359375 0.10625 0.4328125 0.11875 0.4328125 0.140625 0.428125 0.1609375 0.428125 0.1859375 0.4234375 0.21875 0.4234375 0.2453125 0.4203125 0.259375 0.4203125 0.2875 0.4125 0.3375 0.409375 0.39375 0.40625 0.4078125 0.40625 0.4375 0.403125 0.45 0.4046875 0.503125 0.4015625 0.509375 0.4015625 0.515625 0.4046875 0.5234375 0.4046875 0.546875 0.3984375 0.565625 0.3984375 0.6328125 0.396875 0.6390625 0.390625 0.64375 0.384375 0.646875 0.3765625 0.6453125 0.3796875 0.5375 0.3828125 0.509375 0.3875 0.3859375 0.390625 0.365625 0.390625 0.3453125 0.3984375 0.3 0.3984375 0.275 0.4015625 0.265625 0.403125 0.234375 0.40625 0.2203125 0.40625 0.1875 0.409375 0.16875 0.4078125 0.1578125 0.4125 0.1453125 0.4109375 0.140625 0.4140625 0.13125 0.4140625 0.1171875 0.4171875 0.1109375 0.4171875 0.0984375 0.421875 0.08125 0.425 0.0015625
1 0.9078125 0.7625 0.9078125 0.7484375 0.9109375 0.740625 0.9140625 0.7109375 0.9171875 0.703125 0.915625 0.6765625 0.9203125 0.65625 0.925 0.5828125 0.9296875 0.5609375 0.93125 0.5234375 0.934375 0.5125 0.934375 0.4921875 0.9359375 0.490625 0.9359375 0.45625 0.9375 0.4546875 0.9359375 0.4203125 0.9390625 0.40625 0.940625 0.3453125 0.94375 0.3296875 0.9453125 0.16875 0.946875 0.1671875 0.9453125 0.1125 0.9484375 0.109375 0.9546875 0.1109375 0.95625 0.1625 0.9546875 0.1640625 0.953125 0.328125 0.95 0.3375 0.9484375 0.45625 0.946875 0.4578125 0.94375 0.553125 0.9390625 0.5796875 0.9375 0.615625 0.9328125 0.640625 0.934375 0.64375 0.93125 0.6546875 0.9296875 0.6796875 0.9265625 0.690625 0.921875 0.7421875 0.91875 0.759375 0.9140625 0.7625 0.909375 0.7625
1 0.99375 0.1 0.9953125 0.1046875 0.99375 0.109375 0.9953125 0.1125 0.99375 0.115625 0.9953125 0.11875 0.99375 0.121875 0.9953125 0.134375 0.99375 0.1828125 0.9984375 0.1921875 0.996875 0.196875 0.9984375 0.2 0.996875 0.2078125 0.9984375 0.2234375 0.996875 0.309375 0.9984375 0.315625 0.9953125 0.3421875 0.9921875 0.4484375 0.9890625 0.4640625 0.9875 0.515625 0.9828125 0.540625 0.9828125 0.5671875 0.978125 0.5921875 0.978125 0.6125 0.975 0.61875 0.975 0.63125 0.971875 0.6421875 0.971875 0.6578125 0.9671875 0.6796875 0.9640625 0.7125 0.95625 0.75 0.95625 0.7609375 0.95 0.7859375 0.946875 0.8140625 0.940625 0.81875 0.9359375 0.81875 0.9359375 0.8078125 0.94375 0.775 0.94375 0.765625 0.953125 0.7140625 0.95625 0.6640625 0.9625 0.63125 0.9609375 0.6265625 0.965625 0.609375 0.965625 0.5953125 0.96875 0.5859375 0.971875 0.528125 0.9796875 0.465625 0.978125 0.4640625 0.98125 0.4421875 0.9796875 0.4078125 0.9859375 0.3765625 0.984375 0.3453125 0.9875 0.321875 0.9875 0.278125 0.990625 0.25 0.990625 0.1609375 0.9921875 0.159375 0.990625 0.103125 0.9921875 0.1015625
1 0.478125 0 0.484375 0 0.484375 0.0109375 0.48125 0.028125 0.48125 0.05 0.478125 0.0640625 0.478125 0.0921875 0.475 0.103125 0.475 0.115625 0.4703125 0.1265625 0.4734375 0.134375 0.4703125 0.165625 0.471875 0.196875 0.46875 0.2125 0.4703125 0.225 0.4671875 0.2390625 0.4671875 0.2703125 0.4640625 0.278125 0.4625 0.3046875 0.4578125 0.325 0.4578125 0.3671875 0.4546875 0.3796875 0.45625 0.3828125 0.4546875 0.390625 0.45625 0.4171875 0.453125 0.4265625 0.4546875 0.45 0.4515625 0.453125 0.45 0.48125 0.446875 0.4875 0.446875 0.5375 0.44375 0.5640625 0.4421875 0.565625 0.4390625 0.5640625 0.4359375 0.5515625 0.4390625 0.5234375 0.4390625 0.4984375 0.4421875 0.484375 0.4421875 0.459375 0.4453125 0.4390625 0.4453125 0.4046875 0.44375 0.4015625 0.4484375 0.38125 0.4484375 0.3515625 0.4515625 0.3375 0.453125 0.296875 0.45625 0.278125 0.4609375 0.1828125 0.4640625 0.1671875 0.465625 0.1390625 0.4703125 0.128125 0.4671875 0.1203125 0.4671875 0.1125 0.4734375 0.0703125 0.478125 0.0015625
1 0.6578125 0 0.6640625 0 0.6609375 0.103125 0.6578125 0.1265625 0.65625 0.203125 0.65 0.2546875 0.646875 0.3328125 0.64375 0.34375 0.64375 0.3640625 0.6421875 0.365625 0.64375 0.3796875 0.640625 0.3921875 0.6390625 0.4265625 0.6375 0.428125 0.634375 0.5328125 0.63125 0.55 0.63125 0.565625 0.6265625 0.5734375 0.6265625 0.5859375 0.6234375 0.6 0.6234375 0.621875 0.6203125 0.6515625 0.6171875 0.6609375 0.6171875 0.6828125 0.6125 0.690625 0.6078125 0.6890625 0.6046875 0.684375 0.609375 0.6421875 0.6078125 0.63125 0.609375 0.628125 0.6078125 0.6203125 0.609375 0.5890625 0.6125 0.5796875 0.6125 0.5578125 0.615625 0.5484375 0.61875 0.496875 0.621875 0.484375 0.6234375 0.428125 0.6296875 0.390625 0.6328125 0.3390625 0.6375 0.3109375 0.6375 0.284375 0.64375 0.2265625 0.64375 0.1921875 0.6484375 0.1578125 0.65 0.0890625 0.653125 0.078125 0.6546875 0.01875 0.6578125 0.0015625
1 0.6984375 0 0.7046875 0 0.7046875 0.0328125 0.703125 0.034375 0.7046875 0.0546875 0.7015625 0.078125 0.703125 0.0828125 0.7015625 0.084375 0.7015625 0.146875 0.6984375 0.16875 0.6984375 0.215625 0.696875 0.2171875 0.696875 0.25625 0.69375 0.2671875 0.69375 0.3046875 0.690625 0.3171875 0.6890625 0.365625 0.678125 0.4625 0.678125 0.4796875 0.6734375 0.509375 0.6703125 0.5171875 0.671875 0.5234375 0.6703125 0.5703125 0.671875 0.575 0.665625 0.5828125 0.665625 0.5984375 0.6609375 0.621875 0.659375 0.65 0.6578125 0.653125 0.653125 0.6515625 0.6515625 0.6359375 0.6515625 0.609375 0.653125 0.6078125 0.6515625 0.596875 0.6546875 0.584375 0.65625 0.5484375 0.6640625 0.5125 0.6625 0.5015625 0.665625 0.4828125 0.665625 0.4625 0.66875 0.4546875 0.6671875 0.44375 0.6703125 0.4375 0.6671875 0.428125 0.66875 0.425 0.6703125 0.4265625 0.6734375 0.425 0.6734375 0.4109375 0.6765625 0.403125 0.6765625 0.378125 0.678125 0.3765625 0.6765625 0.3453125 0.6796875 0.315625 0.678125 0.2921875 0.68125 0.284375 0.68125 0.2703125 0.684375 0.25625 0.6875 0.1671875 0.6921875 0.134375 0.690625 0.1265625 0.6921875 0.1234375 0.690625 0.1203125 0.6921875 0.0796875 0.6953125 0.0625 0.69375 0.0125 0.6984375 0.0015625
1 0.8109375 0 0.83125 0 0.834375 0.04375 0.8328125 0.0453125 0.83125 0.1609375 0.8296875 0.1625 0.828125 0.2296875 0.8265625 0.23125 0.828125 0.234375 0.825 0.2625 0.825 0.3296875 0.821875 0.3390625 0.815625 0.4046875 0.8140625 0.4515625 0.8078125 0.4984375 0.8078125 0.51875 0.803125 0.5421875 0.7953125 0.621875 0.790625 0.640625 0.790625 0.6578125 0.7875 0.6671875 0.784375 0.7125 0.778125 0.7421875 0.775 0.778125 0.7703125 0.79375 0.7625 0.8515625 0.7484375 0.9171875 0.7484375 0.93125 0.740625 0.940625 0.7265625 0.940625 0.721875 0.9359375 0.71875 0.925 0.7203125 0.903125 0.7234375 0.8953125 0.7265625 0.871875 0.7328125 0.853125 0.734375 0.8328125 0.7375 0.825 0.7453125 0.7765625 0.7453125 0.7640625 0.753125 0.728125 0.7671875 0.621875 0.765625 0.6203125 0.7671875 0.61875 0.765625 0.6140625 0.7671875 0.5984375 0.7734375 0.5828125 0.7734375 0.559375 0.7765625 0.55 0.7765625 0.53125 0.78125 0.5109375 0.7828125 0.4875 0.7859375 0.4796875 0.784375 0.459375 0.7890625 0.4234375 0.7890625 0.39375 0.79375 0.3734375 0.7953125 0.3359375 0.796875 0.334375 0.8 0.2171875 0.803125 0.2 0.803125 0.1421875 0.80625 0.125 0.809375 0.0046875 0.8109375 0.0015625
1 0.515625 0 0.5234375 0 0.521875 0.065625 0.51875 0.0796875 0.51875 0.109375 0.5140625 0.1390625 0.5125 0.1859375 0.5078125 0.2125 0.503125 0.2796875 0.5 0.2890625 0.4984375 0.328125 0.4953125 0.3390625 0.4921875 0.428125 0.4890625 0.440625 0.4875 0.4796875 0.48125 0.5171875 0.48125 0.53125 0.4765625 0.546875 0.475 0.5859375 0.4671875 0.5953125 0.4625 0.5953125 0.4625 0.5765625 0.4703125 0.5234375 0.4703125 0.4796875 0.471875 0.478125 0.4703125 0.4671875 0.4734375 0.4609375 0.4765625 0.425 0.4796875 0.41875 0.48125 0.3671875 0.4859375 0.3484375 0.484375 0.346875 0.4859375 0.3328125 0.4890625 0.3265625 0.490625 0.2828125 0.5 0.209375 0.5015625 0.1703125 0.50625 0.146875 0.50625 0.1125 0.5109375 0.090625 0.5109375 0.0734375 0.5140625 0.0578125 0.515625 0.0015625
1 0.9015625 0 0.90625 0 0.9078125 0.0046875 0.909375 0 0.915625 0 0.915625 0.025 0.91875 0.0359375 0.9171875 0.0390625 0.91875 0.1078125 0.915625 0.115625 0.915625 0.1203125 0.91875 0.1234375 0.91875 0.203125 0.9171875 0.2046875 0.91875 0.2203125 0.9171875 0.221875 0.9171875 0.253125 0.915625 0.2546875 0.915625 0.3078125 0.9140625 0.309375 0.9125 0.3578125 0.909375 0.384375 0.9078125 0.440625 0.903125 0.4640625 0.903125 0.4859375 0.8984375 0.5203125 0.8984375 0.5375 0.89375 0.5640625 0.89375 0.58125 0.890625 0.603125 0.8875 0.6078125 0.8875 0.621875 0.8796875 0.6703125 0.8765625 0.678125 0.8765625 0.690625 0.8734375 0.6984375 0.8703125 0.728125 0.8671875 0.7296875 0.8625 0.7234375 0.865625 0.7171875 0.8671875 0.7046875 0.865625 0.6953125 0.86875 0.6890625 0.86875 0.6765625 0.865625 0.671875 0.8625 0.671875 0.8640625 0.665625 0.8625 0.6546875 0.865625 0.646875 0.865625 0.63125 0.86875 0.6265625 0.86875 0.6171875 0.871875 0.609375 0.8703125 0.6046875 0.8734375 0.6 0.871875 0.58125 0.8734375 0.5734375 0.8765625 0.5703125 0.8765625 0.5546875 0.8828125 0.5390625 0.8828125 0.5234375 0.884375 0.521875 0.8828125 0.5 0.8859375 0.4953125 0.884375 0.4921875 0.8875 0.4890625 0.8859375 0.475 0.8890625 0.4671875 0.8875 0.43125 0.8921875 0.415625 0.8921875 0.390625 0.89375 0.3890625 0.89375 0.315625 0.896875 0.3 0.8953125 0.296875 0.896875 0.2953125 0.896875 0.259375 0.9 0.2484375 0.9 0.16875 0.903125 0.140625 0.9015625 0.1328125 0.9046875 0.1296875 0.9078125 0.13125 0.915625 0.1203125 0.9078125 0.109375 0.9046875 0.1125 0.9015625 0.109375 0.9015625 0.078125 0.9 0.0765625 0.9015625 0.034375 0.9046875 0.0359375 0.9015625 0.0390625 0.9015625 0.04375 0.9046875 0.046875 0.9046875 0.065625 0.90625 0.0671875 0.9046875 0.071875 0.9078125 0.0796875 0.9109375 0.0734375 0.909375 0.06875 0.9109375 0.0421875 0.9078125 0.0328125 0.909375 0.021875 0.9078125 0.0203125 0.90625 0.0234375 0.903125 0.0234375 0.9015625 0.028125 0.9 0.0234375 0.9015625 0.0015625
1 0.0140625 0.2828703703703704 0.015885416666666666 0.28703703703703703 0.01536458333333333 0.2935185185185185 0.01328125 0.30046296296296293 0.0171875 0.31157407407407406 0.01796875 0.3277777777777778 0.01927083333333333 0.3379629629629629 0.020572916666666666 0.3402777777777778 0.020572916666666666 0.3453703703703704 0.022916666666666665 0.3472222222222222 0.025260416666666664 0.3453703703703704 0.02630208333333333 0.3384259259259259 0.028125 0.2953703703703704 0.029427083333333333 0.2879629629629629 0.038802083333333334 0.1361111111111111 0.04453125 0.07638888888888888 0.046875 0.06388888888888888 0.04739583333333333 0.04675925925925926 0.05078125 0.022685185185185183 0.05208333333333333 0 0.03671875 0 0.03229166666666666 0.024074074074074074 0.03072916666666666 0.04444444444444444 0.02708333333333333 0.050462962962962966 0.0265625 0.08657407407407407 0.019791666666666666 0.14259259259259258 0.01614583333333333 0.1907407407407407 0.0125 0.21620370370370368 0.012760416666666666 0.2333333333333333 0.010677083333333334 0.24722222222222218 0.01015625 0.2625 0.0140625 0.2828703703703704
1 0.010416666666666666 0.1509259259259259 0.0125 0.15462962962962962 0.014322916666666666 0.1509259259259259 0.0140625 0.14212962962962963 0.015104166666666665 0.137037037037037 0.0140625 0.13425925925925924 0.01614583333333333 0.12546296296296294 0.016927083333333332 0.11203703703703702 0.015885416666666666 0.10462962962962963 0.01953125 0.09907407407407406 0.01875 0.0875 0.021875 0.08148148148148147 0.02109375 0.07916666666666666 0.02239583333333333 0.075 0.02239583333333333 0.05833333333333333 0.0234375 0.054629629629629625 0.02265625 0.045370370370370366 0.01614583333333333 0.05694444444444444 0.012239583333333333 0.07083333333333333 0.01171875 0.08657407407407407 0.008072916666666666 0.10833333333333332 0.00703125 0.12314814814814815 0.010416666666666666 0.1509259259259259
1 0.0859375 0.33518518518518514 0.08984375 0.3361111111111111 0.09166666666666666 0.33518518518518514 0.09270833333333332 0.33148148148148143 0.09453125 0.3074074074074074 0.09427083333333333 0.2967592592592593 0.0953125 0.2930555555555555 0.09661458333333332 0.27361111111111114 0.09661458333333332 0.2361111111111111 0.09817708333333333 0.2273148148148148 0.09739583333333332 0.22222222222222224 0.09973958333333333 0.20555555555555555 0.10338541666666665 0.1625 0.103125 0.14675925925925926 0.10520833333333332 0.13055555555555556 0.10546875 0.11898148148148147 0.10807291666666666 0.10555555555555556 0.1078125 0.1 0.10911458333333332 0.09861111111111111 0.10989583333333333 0.09212962962962963 0.10833333333333332 0.08796296296296295 0.11067708333333333 0.07824074074074074 0.11145833333333333 0.055092592592592596 0.10963541666666665 0.0537037037037037 0.10572916666666665 0.06527777777777778 0.10234375 0.08518518518518518 0.10286458333333333 0.09074074074074073 0.10416666666666666 0.09305555555555554 0.09895833333333333 0.11574074074074074 0.096875 0.1300925925925926 0.09739583333333332 0.14398148148148146 0.0953125 0.1537037037037037 0.09479166666666666 0.1648148148148148 0.09140625 0.17777777777777776 0.09088541666666666 0.2148148148148148 0.08932291666666667 0.225 0.0890625 0.24351851851851852 0.08723958333333333 0.2513888888888889 0.08776041666666666 0.26944444444444443 0.08541666666666667 0.2861111111111111 0.08515625 0.3324074074074074 0.0859375 0.33518518518518514
1 0.11041666666666665 0.29166666666666663 0.1078125 0.3069444444444444 0.1078125 0.34675925925925927 0.10833333333333332 0.3560185185185185 0.11276041666666665 0.36111111111111105 0.1140625 0.36064814814814816 0.11640625 0.35462962962962963 0.11614583333333332 0.33629629629629626 0.11848958333333333 0.31111111111111106 0.11796875 0.29166666666666663 0.12109375 0.23796296296296293 0.12291666666666665 0.22361111111111112 0.12734375 0.13148148148148148 0.13098958333333333 0.09212962962962963 0.13385416666666666 0.07638888888888888 0.13776041666666666 0.043055555555555555 0.140625 0.031018518518518518 0.14270833333333333 0 0.13697916666666665 0 0.13541666666666666 0.008333333333333333 0.13255208333333332 0.037037037037037035 0.12005208333333332 0.12731481481481483 0.11822916666666665 0.15787037037037038 0.11536458333333333 0.175 0.115625 0.18935185185185183 0.11302083333333332 0.20185185185185187 0.11354166666666665 0.23194444444444443 0.10885416666666665 0.2583333333333333 0.10885416666666665 0.2796296296296296 0.11041666666666665 0.29166666666666663
1 0.06770833333333333 0.274537037037037 0.06953125 0.2689814814814815 0.06875 0.25787037037037036 0.07109375 0.25231481481481477 0.06953125 0.24768518518518517 0.07161458333333333 0.24074074074074076 0.07447916666666667 0.19583333333333333 0.0734375 0.17314814814814813 0.075 0.16805555555555554 0.07447916666666667 0.16574074074074072 0.07161458333333333 0.1638888888888889 0.07057291666666667 0.16435185185185183 0.07109375 0.16759259259259257 0.06927083333333332 0.17824074074074073 0.0640625 0.25555555555555554 0.06380208333333333 0.2625 0.06770833333333333 0.274537037037037
1 0.13697916666666665 0.40925925925925927 0.13984375 0.4078703703703703 0.14166666666666666 0.33009259259259255 0.14427083333333332 0.30046296296296293 0.14375 0.2847222222222222 0.1453125 0.2759259259259259 0.14505208333333333 0.25509259259259254 0.14661458333333333 0.24351851851851852 0.14765625 0.20694444444444443 0.15911458333333334 0.06898148148148148 0.16197916666666665 0.050462962962962966 0.16223958333333333 0.039351851851851846 0.16666666666666666 0.008796296296296297 0.16692708333333334 0 0.15885416666666666 0 0.15703125 0.00972222222222222 0.15625 0.022685185185185183 0.153125 0.035648148148148144 0.15 0.06064814814814814 0.14895833333333333 0.08888888888888888 0.14479166666666665 0.11342592592592593 0.13723958333333333 0.175 0.13802083333333331 0.17731481481481481 0.13671875 0.18194444444444444 0.12630208333333331 0.3768518518518518 0.12604166666666666 0.40092592592592585 0.13697916666666665 0.40925925925925927
1 0.14895833333333333 0.36018518518518516 0.1515625 0.3592592592592593 0.153125 0.34953703703703703 0.15546875 0.3458333333333333 0.1578125 0.34768518518518515 0.15963541666666664 0.3453703703703704 0.17630208333333333 0.06388888888888888 0.17526041666666664 0.017592592592592594 0.17395833333333333 0.018518518518518517 0.17447916666666666 0.02222222222222222 0.171875 0.025 0.17135416666666664 0.028703703703703703 0.17447916666666666 0.037037037037037035 0.17291666666666666 0.05694444444444444 0.17369791666666665 0.06759259259259259 0.17083333333333334 0.07129629629629629 0.16770833333333332 0.09814814814814814 0.1640625 0.10231481481481482 0.1640625 0.10555555555555556 0.16666666666666666 0.10787037037037037 0.16666666666666666 0.11064814814814813 0.16484375 0.1125 0.16666666666666666 0.11712962962962963 0.16588541666666665 0.125 0.16276041666666666 0.1324074074074074 0.16588541666666665 0.137037037037037 0.16536458333333331 0.1449074074074074 0.16119791666666666 0.15740740740740738 0.16145833333333331 0.1824074074074074 0.15989583333333332 0.1925925925925926 0.15963541666666664 0.20509259259259255 0.14739583333333334 0.34444444444444444 0.14713541666666666 0.3592592592592593 0.14895833333333333 0.36018518518518516
1 0.18072916666666666 0.3379629629629629 0.18203125 0.35138888888888886 0.18151041666666665 0.3837962962962963 0.18229166666666666 0.387037037037037 0.1859375 0.38796296296296295 0.1890625 0.387037037037037 0.19036458333333334 0.3828703703703703 0.18984375 0.3537037037037037 0.19270833333333331 0.3143518518518518 0.19322916666666665 0.2564814814814815 0.19453125 0.22685185185185186 0.19609375 0.21759259259259256 0.19817708333333334 0.1759259259259259 0.2013020833333333 0.14398148148148146 0.20078125 0.1384259259259259 0.2020833333333333 0.11759259259259258 0.20494791666666665 0.10277777777777777 0.20546875 0.08518518518518518 0.2075520833333333 0.07546296296296295 0.2075520833333333 0.05740740740740741 0.209375 0.04351851851851852 0.21223958333333331 0.03611111111111111 0.2125 0.022685185185185183 0.215625 0 0.21041666666666664 0 0.2059895833333333 0.01898148148148148 0.19921875 0.07268518518518519 0.19479166666666664 0.12361111111111109 0.1921875 0.13148148148148148 0.18984375 0.18425925925925926 0.18802083333333333 0.199537037037037 0.18567708333333333 0.2509259259259259 0.184375 0.25787037037037036 0.18307291666666664 0.2828703703703704 0.1828125 0.31481481481481477 0.18072916666666666 0.3379629629629629
1 0.1734375 0.2597222222222222 0.17395833333333333 0.2689814814814815 0.17213541666666665 0.2828703703703704 0.1734375 0.3208333333333333 0.17526041666666664 0.3273148148148148 0.17604166666666665 0.3101851851851852 0.17760416666666665 0.3069444444444444 0.17708333333333331 0.2773148148148148 0.17994791666666665 0.2384259259259259 0.18072916666666666 0.19444444444444445 0.17864583333333334 0.16064814814814815 0.17890625 0.17283935185185187 0.17447916666666666 0.21990740740740738 0.17604166666666665 0.225 0.1734375 0.2597222222222222
1 0.04609375 0.30925925925925923 0.04973958333333333 0.30787037037037035 0.05078125 0.30462962962962964 0.04973958333333333 0.29768518518518516 0.04791666666666666 0.29722222222222217 0.04348958333333333 0.29722222222222217 0.042708333333333334 0.30277777777777776 0.0421875 0.3069444444444444 0.04609375 0.30925925925925923
1 0.043229166666666666 0.2893518518518518 0.04348958333333333 0.2962962962962963 0.05364583333333332 0.2958333333333333 0.054947916666666666 0.2935185185185185 0.05364583333333332 0.2898148148148148 0.0546875 0.2861111111111111 0.05364583333333332 0.2847222222222222 0.049479166666666664 0.2875 0.04765625 0.2847222222222222 0.043229166666666666 0.28425925925925927 0.0421875 0.28657407407407404 0.043229166666666666 0.2893518518518518
1 0.045572916666666664 0.23055555555555554 0.04609375 0.23425925925925925 0.04479166666666666 0.2375 0.0484375 0.24861111111111112 0.05052083333333333 0.25046296296296294 0.052864583333333326 0.24166666666666664 0.057291666666666664 0.24074074074074076 0.059114583333333325 0.22407407407407404 0.05963541666666666 0.19629629629629627 0.061197916666666664 0.18981481481481483 0.060677083333333326 0.17314814814814813 0.057291666666666664 0.17175925925925925 0.05234375 0.1787037037037037 0.05234375 0.1824074074074074 0.04869791666666666 0.1925925925925926 0.04869791666666666 0.20694444444444443 0.04635416666666666 0.20972222222222223 0.0453125 0.21620370370370368 0.046875 0.22777777777777777 0.045572916666666664 0.23055555555555554
1 0.234375 0.3828703703703703 0.23776041666666664 0.38055555555555554 0.23828125 0.37777777777777777 0.2403645833333333 0.27314814814814814 0.24244791666666665 0.25509259259259254 0.24244791666666665 0.24907407407407406 0.24088541666666666 0.2439814814814815 0.2427083333333333 0.2347222222222222 0.2421875 0.21527777777777776 0.24609375 0.15740740740740738 0.2481770833333333 0.14259259259259258 0.2481770833333333 0.1287037037037037 0.2497395833333333 0.11944444444444444 0.25 0.09814814814814814 0.24869791666666666 0.09583333333333333 0.2450520833333333 0.10231481481481482 0.24635416666666665 0.11342592592592593 0.24479166666666666 0.1162037037037037 0.24609375 0.1199074074074074 0.24453125 0.12268518518518519 0.24375 0.12962962962962962 0.24322916666666666 0.14629629629629629 0.2411458333333333 0.16018518518518518 0.2390625 0.1884259259259259 0.2388020833333333 0.21018518518518517 0.2375 0.21527777777777776 0.2364583333333333 0.23796296296296293 0.2348958333333333 0.2444444444444444 0.23229166666666665 0.3106481481481481 0.23203125 0.38009259259259254 0.234375 0.3828703703703703
1 0.2255208333333333 0.2634259259259259 0.22734375 0.2611111111111111 0.22838541666666665 0.25601851851851853 0.2328125 0.1824074074074074 0.23229166666666665 0.175 0.23072916666666665 0.17129629629629628 0.2270833333333333 0.1986111111111111 0.225 0.24660509259259258 0.2231770833333333 0.25462962962962965 0.2234375 0.2634259259259259 0.2255208333333333 0.2634259259259259
1 0.19583333333333333 0.34444444444444444 0.19505208333333332 0.3587962962962963 0.19609375 0.3726851851851852 0.19661458333333331 0.34814814814814815 0.19973958333333333 0.3416666666666667 0.2028645833333333 0.30648148148148147 0.19895833333333332 0.30648148148148147 0.19895833333333332 0.325 0.19739583333333333 0.337037037037037 0.19609375 0.3379629629629629 0.19739583333333333 0.3421296296296296 0.19583333333333333 0.34444444444444444
1 0.20338541666666665 0.2648148148148148 0.2 0.2861111111111111 0.20052083333333331 0.2935185185185185 0.20234375 0.29814814814814816 0.20546875 0.29259259259259257 0.21432291666666664 0.22453703703703703 0.21119791666666665 0.21388888888888888 0.2098958333333333 0.20462962962962963 0.20885416666666665 0.20601851851851852 0.20729166666666665 0.21666666666666665 0.2028645833333333 0.2601851851851852 0.20338541666666665 0.2648148148148148
0 0.03619791666666666 0.31111111111111106 0.034375 0.3208333333333333 0.03463541666666666 0.324537037037037 0.03333333333333333 0.3282407407407407 0.03255208333333333 0.3277777777777778 0.034895833333333334 0.3324074074074074 0.03098958333333333 0.3388888888888889 0.03046875 0.3421296296296296 0.034375 0.3555555555555555 0.034375 0.35972222222222217 0.03645833333333333 0.3625 0.03697916666666666 0.37037037037037035 0.03619791666666666 0.3759259259259259 0.03333333333333333 0.374537037037037 0.03255208333333333 0.3759259259259259 0.03515625 0.425462962962963 0.034895833333333334 0.4462962962962963 0.03645833333333333 0.4666666666666666 0.04140625 0.487962962962963 0.043229166666666666 0.49027777777777776 0.046614583333333334 0.49027777777777776 0.051041666666666666 0.48611111111111105 0.052864583333333326 0.4796296296296296 0.06145833333333332 0.46712962962962956 0.061197916666666664 0.46018518518518514 0.059375 0.45509259259259255 0.06770833333333333 0.4287037037037037 0.06666666666666667 0.41574074074074074 0.06927083333333332 0.40509259259259256 0.07161458333333333 0.4018518518518518 0.06796875 0.3935185185185185 0.06822916666666666 0.3824074074074074 0.06744791666666666 0.38009259259259254 0.07161458333333333 0.3694444444444444 0.071875 0.3657407407407407 0.07760416666666667 0.36064814814814816 0.08229166666666667 0.3587962962962963 0.08151041666666667 0.35648148148148145 0.08020833333333333 0.35648148148148145 0.07838541666666667 0.3458333333333333 0.0796875 0.3449074074074074 0.0796875 0.3416666666666667 0.0828125 0.3375 0.08307291666666666 0.3347222222222222 0.07643229166666667 0.3310185185185185 0.07161458333333333 0.3222222222222222 0.07109375 0.31851851851851853 0.06927083333333332 0.32175925925925924 0.06510416666666666 0.324537037037037 0.06276041666666667 0.32407407407407407 0.060677083333333326 0.32037037037037036 0.057291666666666664 0.32037037037037036 0.05260416666666666 0.3296296296296296 0.04791666666666666 0.33148148148148143 0.04583333333333333 0.33009259259259255 0.04453125 0.3134259259259259 0.04869791666666666 0.30092592592592593 0.04765625 0.2962962962962963 0.04895833333333333 0.29212962962962963 0.051041666666666666 0.2875 0.05364583333333332 0.2861111111111111 0.053385416666666664 0.2824074074074074 0.0546875 0.2796296296296296 0.05442708333333333 0.2722222222222222 0.053125 0.2708333333333333 0.0515625 0.274537037037037 0.046614583333333334 0.2768518518518518 0.04505208333333333 0.274537037037037 0.0453125 0.2685185185185185 0.04739583333333333 0.2648148148148148 0.043229166666666666 0.2634259259259259 0.041666666666666664 0.2657407407407407 0.03958333333333333 0.2791666666666667 0.037760416666666664 0.3097222222222222 0.03619791666666666 0.31111111111111106
1 0.31171875 0.5064814814814815 0.3122395833333333 0.5134259259259258 0.3140625 0.5152777777777777 0.31640625 0.5018518518518518 0.31510416666666663 0.49722222222222223 0.321875 0.46342592592592585 0.32109375 0.4574074074074074 0.3223958333333333 0.449537037037037 0.328125 0.3523148148148148 0.32760416666666664 0.34768518518518515 0.3296875 0.33148148148148143 0.3309895833333333 0.2912037037037037 0.3390625 0.16898148148148145 0.3388020833333333 0.1509259259259259 0.3395833333333333 0.1472222222222222 0.3377604166666667 0.1449074074074074 0.3390625 0.14074074074074075 0.33828125 0.13935185185185184 0.33515625 0.1398148148148148 0.334375 0.14259259259259258 0.32682291666666663 0.21296296296296294 0.3265625 0.22962962962962963 0.32421875 0.23935185185185187 0.32447916666666665 0.24861111111111112 0.32135416666666666 0.2722222222222222 0.3223958333333333 0.2814814814814815 0.3203125 0.29907407407407405 0.31796875 0.3518518518518518 0.3104166666666667 0.4458333333333333 0.30807291666666664 0.49861111111111106 0.31171875 0.5064814814814815
1 0.271875 0.3694444444444444 0.27604166666666663 0.3712962962962963 0.2794270833333333 0.3662037037037037 0.28203125 0.3486111111111111 0.28151041666666665 0.3458333333333333 0.2825520833333333 0.3412037037037037 0.2817708333333333 0.3375 0.2828125 0.33564814814814814 0.29010416666666666 0.22407407407407404 0.28854166666666664 0.22268518518518515 0.2872395833333333 0.21682083333333332 0.2872395833333333 0.20462962962962963 0.2888020833333333 0.19583333333333333 0.2864583333333333 0.1907407407407407 0.2828125 0.19583333333333333 0.2841145833333333 0.20509259259259255 0.2825520833333333 0.20925925925925926 0.2809895833333333 0.2273148148148148 0.28151041666666665 0.2444444444444444 0.27682291666666664 0.2861111111111111 0.27682291666666664 0.2898148148148148 0.27838541666666666 0.29259259259259257 0.27369791666666665 0.31712962962962965 0.271875 0.3384259259259259 0.2708333333333333 0.3662037037037037 0.271875 0.3694444444444444
1 0.596875 0.537962962962963 0.5979166666666667 0.5412037037037036 0.6005208333333333 0.5425925925925925 0.60078125 0.5462962962962963 0.6002604166666666 0.5546296296296296 0.5979166666666667 0.5597222222222222 0.59609375 0.5722222222222222 0.5942708333333333 0.5768518518518518 0.5955729166666666 0.5976851851851851 0.5989583333333333 0.5958333333333333 0.5986979166666666 0.5847222222222223 0.60078125 0.5819444444444444 0.60078125 0.575 0.603125 0.5708333333333333 0.6041666666666666 0.5569444444444444 0.6109375 0.5083333333333333 0.61015625 0.49722222222222223 0.6122395833333333 0.49537037037037035 0.61328125 0.4916666666666666 0.6122395833333333 0.48240740740740734 0.6135416666666667 0.47777777777777775 0.6140625 0.4689814814814815 0.61640625 0.46018518518518514 0.615625 0.45555555555555555 0.6169270833333333 0.45185185185185184 0.61484375 0.44305555555555554 0.6169270833333333 0.4337962962962963 0.6161458333333333 0.4273148148148148 0.6177083333333333 0.399074074074074 0.62109375 0.38009259259259254 0.6221354166666666 0.36712962962962964 0.6221354166666666 0.35509259259259257 0.6239583333333333 0.34259259259259256 0.6236979166666666 0.33194444444444443 0.6252604166666667 0.32685185185185184 0.625 0.31620370370370365 0.62734375 0.3 0.6286458333333333 0.2796296296296296 0.6291666666666667 0.23888888888888887 0.63359375 0.199537037037037 0.6333333333333333 0.18287037037037035 0.63828125 0.07824074074074074 0.6369791666666667 0.06388888888888888 0.63359375 0.06527777777777778 0.6294270833333333 0.09814814814814814 0.6283854166666666 0.12407407407407407 0.625 0.16018518518518518 0.625 0.1847222222222222 0.6229166666666666 0.1986111111111111 0.6177083333333333 0.2699074074074074 0.615625 0.2787037037037037 0.6158854166666666 0.29074074074074074 0.6143229166666666 0.2930555555555555 0.6153645833333333 0.3 0.6143229166666666 0.31759259259259254 0.6119791666666666 0.3277777777777778 0.6143229166666666 0.33287037037037037 0.61328125 0.3388888888888889 0.6151041666666666 0.3449074074074074 0.6151041666666666 0.34953703703703703 0.6119791666666666 0.3555555555555555 0.6145833333333333 0.35972222222222217 0.6135416666666667 0.3648148148148148 0.6098958333333333 0.3694444444444444 0.6109375 0.375 0.609375 0.3828703703703703 0.6088541666666666 0.4027777777777778 0.5986979166666666 0.5111111111111111 0.5989583333333333 0.5175925925925926 0.5973958333333333 0.5222222222222223 0.5986979166666666 0.5287037037037037 0.596875 0.537962962962963
1 0.4565104166666666 0.5013888888888889 0.4583333333333333 0.49537037037037035 0.4598958333333333 0.4708333333333333 0.4598958333333333 0.44722222222222224 0.4565104166666666 0.4527777777777778 0.4575520833333333 0.4541666666666666 0.45703125 0.4643518518518518 0.45546875 0.46620370370370373 0.4544270833333333 0.4833333333333333 0.4541666666666666 0.4981481481481481 0.4565104166666666 0.5013888888888889
1 0.4598958333333333 0.43148148148148147 0.4583333333333333 0.43888888888888883 0.45963541666666663 0.44490740740740736 0.46354166666666663 0.44259259259259254 0.46354166666666663 0.43611111111111106 0.4671875 0.4217592592592593 0.4658854166666666 0.4171296296296296 0.4658854166666666 0.4041666666666666 0.46744791666666663 0.40046296296296297 0.4653645833333333 0.3935185185185185 0.46953125 0.3902777777777778 0.46875 0.387037037037037 0.4708333333333333 0.3833333333333333 0.47135416666666663 0.37731481481481477 0.4708333333333333 0.34305555555555556 0.47265625 0.3347222222222222 0.47265625 0.32407407407407407 0.4708333333333333 0.31666666666666665 0.4705729166666666 0.3060185185185185 0.4638020833333333 0.3587962962962963 0.459375 0.425 0.4598958333333333 0.43148148148148147
1 0.4109375 0.4842592592592593 0.41171875 0.4912037037037037 0.4153645833333333 0.49675925925925923 0.4174479166666666 0.4912037037037037 0.41875 0.47777777777777775 0.4192708333333333 0.44907407407407407 0.4231770833333333 0.4351851851851851 0.42421875 0.4217592592592593 0.4234375 0.412962962962963 0.4255208333333333 0.399537037037037 0.4268229166666666 0.37361111111111106 0.4309895833333333 0.3453703703703704 0.4302083333333333 0.3416666666666667 0.4315104166666666 0.3384259259259259 0.43046875 0.3277777777777778 0.4317708333333333 0.32361111111111107 0.4291666666666666 0.31666666666666665 0.43229166666666663 0.2958333333333333 0.4315104166666666 0.29212962962962963 0.4296875 0.29027777777777775 0.4278645833333333 0.29166666666666663 0.42734375 0.2962962962962963 0.4252604166666666 0.29953703703703705 0.42447916666666663 0.3037037037037037 0.4213541666666666 0.3537037037037037 0.4192708333333333 0.3694444444444444 0.41875 0.3949074074074074 0.4161458333333333 0.39768518518518514 0.41640625 0.40092592592592585 0.41484375 0.40370370370370373 0.415625 0.40694444444444444 0.4151041666666666 0.4111111111111111 0.41640625 0.4143518518518518 0.4161458333333333 0.4296296296296296 0.4138020833333333 0.4384259259259259 0.4122395833333333 0.4625 0.4111979166666666 0.46342592592592585 0.41276041666666663 0.475462962962963 0.4109375 0.4842592592592593
1 0.8403645833333332 0.6643518518518519 0.84140625 0.674537037037037 0.8458333333333332 0.6615740740740741 0.8466145833333332 0.6518518518518518 0.8486979166666666 0.6439814814814815 0.8473958333333332 0.6398148148148148 0.84921875 0.6365740740740741 0.8486979166666666 0.6319444444444444 0.84453125 0.6393518518518518 0.84453125 0.6444444444444444 0.8416666666666666 0.6504629629629629 0.8416666666666666 0.6611111111111111 0.8403645833333332 0.6643518518518519
1 0.8575520833333332 0.7009259259259258 0.8591145833333332 0.6967592592592593 0.8625 0.7 0.86171875 0.6810185185185185 0.8625 0.6717592592592593 0.859375 0.6722222222222222 0.8572916666666666 0.6791666666666666 0.8541666666666666 0.7004629629629628 0.8575520833333332 0.7009259259259258
1 0.8763020833333333 0.24027777777777776 0.87578125 0.25555555555555554 0.8765625 0.2597222222222222 0.8731770833333332 0.2796296296296296 0.8755208333333332 0.29074074074074074 0.8747395833333332 0.2930555555555555 0.87578125 0.3069444444444444 0.8768229166666666 0.30925925925925923 0.878125 0.3069444444444444 0.87734375 0.30324074074074076 0.8783854166666666 0.3 0.8799479166666666 0.2689814814814815 0.8809895833333332 0.2657407407407407 0.88046875 0.23425925925925925 0.8815104166666666 0.22314814814814815 0.8802083333333333 0.21527777777777776 0.8783854166666666 0.21666666666666665 0.878125 0.22175925925925927 0.8763020833333333 0.22685185185185186 0.878125 0.2310185185185185 0.8763020833333333 0.24027777777777776
1 0.85234375 0.6004629629629629 0.8549479166666666 0.5953703703703703 0.8549479166666666 0.5916666666666666 0.8567708333333333 0.5898148148148148 0.8578125 0.5851851851851851 0.8572916666666666 0.5759259259259258 0.8591145833333332 0.5708333333333333 0.8580729166666666 0.5671296296296295 0.86015625 0.5643518518518518 0.8588541666666666 0.5601851851851851 0.86015625 0.5578703703703703 0.8619791666666666 0.5310185185185186 0.8658854166666666 0.5013888888888889 0.8658854166666666 0.49027777777777776 0.8690104166666666 0.4837962962962963 0.8697916666666666 0.47870370370370374 0.8752604166666667 0.3898148148148148 0.8770833333333332 0.38009259259259254 0.8809895833333332 0.3277777777777778 0.8799479166666666 0.324537037037037 0.8768229166666666 0.32314814814814813 0.8729166666666666 0.3226851851851852 0.8713541666666667 0.324537037037037 0.8653645833333332 0.4208333333333333 0.8611979166666666 0.45138888888888884 0.86015625 0.4731481481481481 0.8606770833333333 0.4856481481481481 0.8557291666666667 0.5120370370370371 0.8567708333333333 0.5143518518518518 0.8552083333333332 0.5185185185185185 0.8575520833333332 0.537037037037037 0.8559895833333332 0.5398148148148147 0.85703125 0.5425925925925925 0.8565104166666666 0.5444444444444444 0.8544270833333332 0.5467592592592593 0.8549479166666666 0.549074074074074 0.8515625 0.5569444444444444 0.85078125 0.5643518518518518 0.8518229166666667 0.5675925925925925 0.8502604166666666 0.5708333333333333 0.85078125 0.5814814814814815 0.8484375 0.5875 0.8481770833333332 0.5953703703703703 0.85234375 0.6004629629629629
1 0.83515625 0.15277777777777776 0.83984375 0.14861111111111108 0.8549479166666666 0.14212962962962963 0.890625 0.13425925925925924 0.91171875 0.12638888888888888 0.9158854166666666 0.1222222222222222 0.9395833333333332 0.11018518518518519 0.965625 0.1037037037037037 0.9875 0.10092592592592593 0.9911458333333332 0.09814814814814814 0.9997395833333332 0.09583333333333333 0.9997395833333332 0.09074074074074073 0.9807291666666667 0.09305555555555554 0.9684895833333332 0.09722222222222222 0.9559895833333332 0.09814814814814814 0.9375 0.10462962962962963 0.9299479166666667 0.10555555555555556 0.9247395833333332 0.11064814814814813 0.915625 0.1125 0.9130208333333332 0.11527777777777777 0.88203125 0.12824074074074074 0.84453125 0.137037037037037 0.8419270833333332 0.1361111111111111 0.834375 0.14259259259259258 0.8330729166666666 0.14537037037037037 0.8330729166666666 0.15046296296296297 0.83515625 0.15277777777777776
1 0.3026041666666667 0.5425925925925925 0.3036458333333333 0.5532407407407407 0.3044270833333333 0.5532407407407407 0.3059895833333333 0.5504629629629629 0.30625 0.5462962962962963 0.3036458333333333 0.4925925925925926 0.3015625 0.499537037037037 0.30078125 0.5050925925925925 0.3026041666666667 0.5425925925925925
1 0.29401041666666666 0.17824074074074073 0.29296875 0.19583333333333333 0.29322916666666665 0.26944444444444443 0.3 0.4888888888888888 0.30026041666666664 0.4912037037037037 0.3013020833333333 0.4912037037037037 0.30390625 0.4810185185185185 0.30338541666666663 0.475462962962963 0.30416666666666664 0.4736111111111111 0.303125 0.4708333333333333 0.30390625 0.4458333333333333 0.30234375 0.44351851851851853 0.3015625 0.4337962962962963 0.3028645833333333 0.4259259259259259 0.30104166666666665 0.4023148148148148 0.3005208333333333 0.36689814814814814 0.3015625 0.33055555555555555 0.2986979166666667 0.31527777777777777 0.30078125 0.30462962962962964 0.2981770833333333 0.25925925925925924 0.2986979166666667 0.19027777777777777 0.29765625 0.15462962962962962 0.29921875 0.09861111111111111 0.2984375 0.08425925925925926 0.296875 0.08055555555555555 0.2966145833333333 0.075 0.2953125 0.07731481481481481 0.2958333333333333 0.07962962962962963 0.2942708333333333 0.08472222222222223 0.29557291666666663 0.10416666666666666 0.29296875 0.14212962962962963 0.2927083333333333 0.16157407407407406 0.29401041666666666 0.17824074074074073
1 0.13697916666666665 0.40925925925925927 0.13984375 0.4078703703703703 0.14166666666666666 0.32916666666666666 0.14427083333333332 0.30046296296296293 0.14453125 0.2791666666666667 0.15078125 0.15787037037037038 0.15442708333333333 0.12361111111111109 0.153125 0.11898148148148147 0.15442708333333333 0.11481481481481481 0.15729166666666666 0.08472222222222223 0.15885416666666666 0.07870370370370369 0.15911458333333334 0.06805555555555555 0.16197916666666665 0.05 0.16276041666666666 0.033796296296296297 0.16666666666666666 0.008333333333333333 0.16666666666666666 0 0.15885416666666666 0 0.15703125 0.008796296296296297 0.15130208333333334 0.04861111111111111 0.14869791666666665 0.09166666666666666 0.14401041666666664 0.11944444444444444 0.14296875 0.1375 0.14010416666666664 0.16157407407407406 0.1375 0.17453703703703702 0.13828125 0.1787037037037037 0.13671875 0.18194444444444444 0.12838541666666664 0.324537037037037 0.128125 0.3509259259259259 0.12604166666666666 0.3819444444444444 0.12604166666666666 0.40092592592592585 0.13697916666666665 0.40925925925925927