1 0.078125 0.449537037037037 0.07864583333333333 0.47129629629629627 0.07942708333333333 0.47592592592592586 0.08151041666666667 0.47824074074074074 0.08359375 0.4768518518518518 0.0953125 0.47777777777777775 0.09739583333333332 0.47175925925925927 0.09791666666666667 0.4356481481481481 0.09713541666666667 0.4101851851851851 0.09947916666666666 0.38564814814814813 0.10520833333333332 0.22407407407407404 0.10833333333333332 0.20324074074074075 0.11302083333333332 0.11342592592592593 0.11536458333333333 0.08379629629629629 0.11666666666666665 0.07777777777777777 0.11640625 0.06666666666666667 0.12421875 0 0.11041666666666665 0 0.09479166666666666 0.14351851851851852 0.08932291666666667 0.22916666666666666 0.08463541666666666 0.27175925925925926 0.08515625 0.2879629629629629 0.08098958333333332 0.36203703703703705 0.08072916666666666 0.4060185185185185 0.078125 0.449537037037037
1 0.031510416666666666 0.3388888888888889 0.0328125 0.3625 0.03177083333333333 0.3763888888888889 0.0328125 0.39120370370370366 0.0375 0.387037037037037 0.03645833333333333 0.3819444444444444 0.03802083333333333 0.37777777777777777 0.04036458333333333 0.3763888888888889 0.04114583333333333 0.3694444444444444 0.04036458333333333 0.3643518518518518 0.041666666666666664 0.36018518518518516 0.043229166666666666 0.35972222222222217 0.04192708333333333 0.35509259259259257 0.04348958333333333 0.3537037037037037 0.0421875 0.34629629629629627 0.04348958333333333 0.3388888888888889 0.04244791666666666 0.33194444444444443 0.04453125 0.3138888888888889 0.0421875 0.29907407407407405 0.04348958333333333 0.2930555555555555 0.04140625 0.2879629629629629 0.04296875 0.2828703703703704 0.042708333333333334 0.2759259259259259 0.04505208333333333 0.262037037037037 0.04453125 0.24259259259259255 0.045572916666666664 0.21990740740740738 0.0484375 0.20370370370370366 0.0484375 0.19444444444444445 0.046875 0.1824074074074074 0.047135416666666666 0.16805555555555554 0.04895833333333333 0.15833333333333333 0.05052083333333333 0.12175925925925926 0.052864583333333326 0.10046296296296295 0.05572916666666666 0.09166666666666666 0.055208333333333325 0.06712962962962962 0.05859375 0.050462962962962966 0.05963541666666666 0.03148148148148148 0.06171875 0.022685185185185183 0.0609375 0 0.05989583333333333 0 0.055208333333333325 0.008333333333333333 0.05546875 0.01111111111111111 0.05364583333333332 0.014814814814814814 0.053385416666666664 0.033796296296296297 0.04895833333333333 0.07407407407407407 0.04583333333333333 0.11944444444444444 0.043229166666666666 0.1300925925925926 0.04244791666666666 0.15324074074074073 0.03958333333333333 0.17129629629629628 0.03671875 0.25370370370370365 0.03307291666666666 0.2828703703703704 0.03359375 0.3074074074074074 0.031510416666666666 0.3388888888888889
1 0.0075520833333333325 0.29768518518518516 0.006510416666666666 0.3037037037037037 0.00859375 0.31296296296296294 0.0109375 0.30277777777777776 0.012239583333333333 0.30092592592592593 0.0125 0.29259259259259257 0.008333333333333333 0.2893518518518518 0.005208333333333333 0.2930555555555555 0.0075520833333333325 0.29768518518518516
1 0.00703125 0.22314814814814815 0.008333333333333333 0.22962962962962963 0.0075520833333333325 0.2375 0.00859375 0.24074074074074076 0.011979166666666666 0.2361111111111111 0.013020833333333332 0.2310185185185185 0.013541666666666665 0.1837962962962963 0.019791666666666666 0.09259259259259259 0.01953125 0.08472222222222223 0.015625 0.07638888888888888 0.015885416666666666 0.07083333333333333 0.012239583333333333 0.07314814814814814 0.011197916666666665 0.08055555555555555 0.011197916666666665 0.09583333333333333 0.009114583333333332 0.10555555555555556 0.009114583333333332 0.1162037037037037 0.009895833333333333 0.11805555555555555 0.009114583333333332 0.1300925925925926 0.010677083333333334 0.14166666666666666 0.009635416666666665 0.15416666666666665 0.0075520833333333325 0.16342592592592592 0.007291666666666666 0.17546296296296296 0.008072916666666666 0.18425925925925926 0.00703125 0.22314814814814815
1 0.16328125 0.13333333333333333 0.16119791666666666 0.14398148148148146 0.15833333333333333 0.18935185185185183 0.15703125 0.19583333333333333 0.15729166666666666 0.20370370370370366 0.153125 0.2263888888888889 0.15390625 0.23564814814814813 0.15625 0.23657407407407405 0.16015625 0.24212962962962964 0.159375 0.24537037037037038 0.16067708333333333 0.2583333333333333 0.15911458333333334 0.2625 0.16067708333333333 0.26620370370370366 0.16119791666666666 0.27175925925925926 0.16328125 0.2583333333333333 0.16223958333333333 0.25509259259259254 0.16223958333333333 0.2449074074074074 0.16067708333333333 0.24120370370370367 0.16067708333333333 0.23796296296296293 0.16328125 0.2347222222222222 0.16197916666666665 0.22962962962962963 0.16223958333333333 0.21064814814814814 0.16484375 0.18935185185185183 0.16692708333333334 0.1398148148148148 0.16848958333333333 0.1310185185185185 0.17109375 0.09907407407407406 0.17708333333333331 0 0.17291666666666666 0 0.17369791666666665 0.004166666666666667 0.17135416666666664 0.01388888888888889 0.16484375 0.09814814814814814 0.16328125 0.13333333333333333
1 0.196875 0.45138888888888884 0.19817708333333334 0.45555555555555555 0.20026041666666666 0.4564814814814815 0.20833333333333331 0.44861111111111107 0.21119791666666665 0.4356481481481481 0.21171875 0.3926587962962963 0.2130208333333333 0.3837962962962963 0.2138020833333333 0.3555555555555555 0.215625 0.3453703703703704 0.2130208333333333 0.32314814814814813 0.2145833333333333 0.29722222222222217 0.2140625 0.28564814814814815 0.2169270833333333 0.24305555555555552 0.21666666666666665 0.2287037037037037 0.2216145833333333 0.1560185185185185 0.22369791666666666 0.14444444444444443 0.22421875 0.12685185185185183 0.22786458333333331 0.09305555555555554 0.22916666666666666 0.06574074074074074 0.23229166666666665 0.043055555555555555 0.23463541666666665 0.015277777777777776 0.23463541666666665 0 0.2234375 0 0.2223958333333333 0.016666666666666666 0.21953125 0.03518518518518519 0.20859375 0.20787037037037037 0.20703125 0.21574074074074073 0.20546875 0.24351851851851852 0.20625 0.25231481481481477 0.203125 0.274074074074074 0.20182291666666666 0.29768518518518516 0.2020833333333333 0.31851851851851853 0.19869791666666664 0.38101851851851853 0.19921875 0.4180555555555555 0.196875 0.45138888888888884
1 0.31953125 0.40555555555555556 0.3184895833333333 0.41157407407407404 0.3203125 0.4189814814814815 0.32057291666666665 0.425462962962963 0.3192708333333333 0.44675925925925924 0.3177083333333333 0.45185185185185184 0.3161458333333333 0.4819444444444444 0.31744791666666666 0.4884259259259259 0.32109375 0.49027777777777776 0.32760416666666664 0.4722222222222222 0.3294270833333333 0.46990740740740733 0.33151041666666664 0.4606481481481481 0.33203125 0.425462962962963 0.3341145833333333 0.40092592592592585 0.3328125 0.374537037037037 0.334375 0.3662037037037037 0.33515625 0.3453703703703704 0.3341145833333333 0.31620370370370365 0.334375 0.26759259259259255 0.33307291666666666 0.2509259259259259 0.334375 0.23657407407407405 0.33619791666666665 0.2287037037037037 0.3359375 0.19907407407407407 0.3377604166666667 0.15185185185185185 0.3395833333333333 0.1310185185185185 0.34088541666666666 0.09212962962962963 0.34479166666666666 0.05 0.3466145833333333 0 0.3356770833333333 0 0.33515625 0.005092592592592592 0.3333333333333333 0.04259259259259259 0.32526041666666666 0.1472222222222222 0.3255208333333333 0.15879629629629627 0.3239583333333333 0.17453703703703702 0.32369791666666664 0.19629629629629627 0.3208333333333333 0.24074074074074076 0.3200520833333333 0.28379629629629627 0.31744791666666666 0.3384259259259259 0.3200520833333333 0.37361111111111106 0.31953125 0.40555555555555556
1 0.24140625 0.4458333333333333 0.24479166666666666 0.45138888888888884 0.246875 0.44861111111111107 0.24765625 0.4337962962962963 0.2497395833333333 0.4259259259259259 0.25078125 0.37962962962962965 0.2520833333333333 0.37175925925925923 0.25390625 0.3388888888888889 0.25390625 0.3194444444444444 0.2552083333333333 0.3125 0.25625 0.2791666666666667 0.2575520833333333 0.26944444444444443 0.2575520833333333 0.24768518518518517 0.26197916666666665 0.20416666666666666 0.2640625 0.17222222222222222 0.2638020833333333 0.1685185185185185 0.2622395833333333 0.16666666666666666 0.2606770833333333 0.17824074074074073 0.2583333333333333 0.1861111111111111 0.25625 0.22777777777777777 0.2536458333333333 0.24074074074074076 0.25338541666666664 0.25787037037037036 0.2505208333333333 0.28564814814814815 0.24609375 0.37175925925925923 0.24453125 0.387037037037037 0.24375 0.41620370370370374 0.24140625 0.4458333333333333
1 0.22682291666666665 0.4416666666666666 0.22760416666666666 0.4439814814814815 0.23125 0.4444444444444445 0.23359375 0.4393518518518518 0.23463541666666665 0.3898148148148148 0.23046875 0.3847222222222222 0.2296875 0.3902777777777778 0.22994791666666664 0.4018518518518518 0.22682291666666665 0.4416666666666666
1 0.23046875 0.4143518518518518 0.22916666666666666 0.4310185185185185 0.22734375 0.43611111111111106 0.22760416666666666 0.44259259259259254 0.22994791666666664 0.4444444444444445 0.23307291666666666 0.4421296296296296 0.23307291666666666 0.4296296296296296 0.234375 0.425462962962963 0.23515625 0.40509259259259256 0.234375 0.3953703703703703 0.23072916666666665 0.399537037037037 0.2325520833333333 0.40740740740740733 0.23046875 0.4143518518518518
1 0.22734375 0.3768518518518518 0.2341145833333333 0.3763888888888889 0.23515625 0.3712962962962963 0.23515625 0.33425925925925926 0.23619791666666665 0.33148148148148143 0.23776041666666664 0.29398148148148145 0.2388020833333333 0.2898148148148148 0.2505208333333333 0.07222222222222222 0.24921875 0.05787037037037037 0.25 0.05694444444444444 0.24791666666666665 0.0537037037037037 0.24869791666666666 0.05 0.24479166666666666 0.04583333333333333 0.2450520833333333 0.04814814814814815 0.2427083333333333 0.054629629629629625 0.24010416666666665 0.05694444444444444 0.24140625 0.059259259259259255 0.24140625 0.0625 0.23958333333333331 0.06388888888888888 0.2427083333333333 0.0685185185185185 0.2411458333333333 0.07083333333333333 0.24322916666666666 0.07222222222222222 0.2427083333333333 0.10231481481481482 0.24010416666666665 0.13796296296296295 0.2388020833333333 0.14351851851851852 0.23828125 0.1662037037037037 0.2359375 0.175 0.234375 0.22962962962962963 0.2325520833333333 0.24120370370370367 0.2325520833333333 0.26805555555555555 0.23072916666666665 0.28564814814814815 0.23046875 0.3060185185185185 0.2286458333333333 0.31666666666666665 0.22786458333333331 0.33055555555555555 0.2294270833333333 0.34675925925925927 0.22734375 0.3768518518518518
1 0.2302083333333333 0.29953703703703705 0.2309895833333333 0.3097222222222222 0.22916666666666666 0.31759259259259254 0.2286458333333333 0.3282407407407407 0.23046875 0.3384259259259259 0.2325520833333333 0.3416666666666667 0.23072916666666665 0.3453703703703704 0.23177083333333331 0.34444444444444444 0.2341145833333333 0.3486111111111111 0.23671875 0.3074074074074074 0.2359375 0.3 0.23828125 0.2898148148148148 0.2489583333333333 0.08101851851851852 0.25026041666666665 0.07175925925925926 0.2481770833333333 0.06898148148148148 0.24635416666666665 0.07083333333333333 0.2442708333333333 0.08055555555555555 0.24348958333333331 0.10231481481481482 0.23958333333333331 0.14259259259259258 0.23932291666666666 0.15833333333333333 0.2364583333333333 0.17407407407407408 0.23697916666666666 0.17916666666666664 0.23463541666666665 0.21620370370370368 0.23463541666666665 0.23148148148148148 0.23307291666666666 0.2398148148148148 0.23307291666666666 0.2689814814814815 0.2302083333333333 0.29953703703703705
1 0.15104166666666666 0.4666666666666666 0.15208333333333332 0.4703703703703703 0.15442708333333333 0.47129629629629627 0.15546875 0.46805555555555556 0.15572916666666664 0.4546296296296296 0.16145833333333331 0.3875 0.16015625 0.37777777777777777 0.16119791666666666 0.3731481481481481 0.16015625 0.3625 0.16145833333333331 0.3592592592592593 0.16197916666666665 0.33564814814814814 0.165625 0.31111111111111106 0.16354166666666664 0.3037037037037037 0.16458333333333333 0.3 0.16328125 0.2958333333333333 0.16276041666666666 0.2847222222222222 0.16354166666666664 0.2699074074074074 0.16484375 0.2657407407407407 0.16354166666666664 0.262037037037037 0.16484375 0.2583333333333333 0.16328125 0.25416666666666665 0.1640625 0.2444444444444444 0.16302083333333334 0.24120370370370367 0.16536458333333331 0.23425925925925925 0.16276041666666666 0.2125 0.16302083333333334 0.19907407407407407 0.16354166666666664 0.1912037037037037 0.16484375 0.18888888888888888 0.16354166666666664 0.1847222222222222 0.16484375 0.18194444444444444 0.165625 0.175 0.16458333333333333 0.1648148148148148 0.16640625 0.1472222222222222 0.16666666666666666 0.13055555555555556 0.16822916666666665 0.12685185185185183 0.16744791666666664 0.12037037037037038 0.17057291666666666 0.09814814814814814 0.1703125 0.08935185185185185 0.171875 0.08518518518518518 0.17213541666666665 0.07777777777777777 0.17109375 0.07592592592592592 0.17265625 0.06388888888888888 0.171875 0.06064814814814814 0.1734375 0.05740740740740741 0.17369791666666665 0.03194444444444444 0.175 0.029166666666666664 0.17473958333333334 0.02638888888888889 0.171875 0.021296296296296296 0.17083333333333334 0.02824074074074074 0.1703125 0.05416666666666666 0.16979166666666665 0.05972222222222222 0.16875 0.0611111111111111 0.16458333333333333 0.1125 0.16640625 0.11527777777777777 0.16458333333333333 0.11851851851851851 0.16432291666666665 0.1300925925925926 0.16145833333333331 0.14398148148148146 0.16197916666666665 0.14675925925925926 0.16015625 0.16064814814814815 0.15989583333333332 0.17222222222222222 0.15833333333333333 0.18194444444444444 0.15885416666666666 0.18564814814814815 0.15729166666666666 0.18888888888888888 0.15442708333333333 0.20601851851851852 0.15364583333333331 0.21203703703703702 0.15442708333333333 0.21666666666666665 0.15364583333333331 0.21990740740740738 0.15078125 0.22361111111111112 0.15026041666666665 0.23009259259259257 0.14791666666666664 0.3731481481481481 0.15104166666666666 0.4666666666666666
1 0.26640625 0.23009259259259257 0.2677083333333333 0.2375 0.2708333333333333 0.24351851851851852 0.27109375 0.25509259259259254 0.27291666666666664 0.2601851851851852 0.271875 0.2722222222222222 0.26901041666666664 0.2796296296296296 0.26953125 0.28888888888888886 0.2684895833333333 0.2930555555555555 0.2739583333333333 0.3 0.27578125 0.30462962962962964 0.27578125 0.30787037037037035 0.27838541666666666 0.3074074074074074 0.28203125 0.31527777777777777 0.2817708333333333 0.31759259259259254 0.2833333333333333 0.32175925925925924 0.28359375 0.32870370370370366 0.2825520833333333 0.33287037037037037 0.284375 0.34305555555555556 0.28229166666666666 0.3523148148148148 0.2833333333333333 0.35416666666666663 0.2828125 0.36157407407407405 0.2841145833333333 0.3625 0.2848958333333333 0.3694444444444444 0.2828125 0.37731481481481477 0.28515625 0.3837962962962963 0.28203125 0.387037037037037 0.2828125 0.39675925925925926 0.28151041666666665 0.39814814814814814 0.2833333333333333 0.40138888888888885 0.2817708333333333 0.4041666666666666 0.28359375 0.40462962962962956 0.2859375 0.40879629629629627 0.28984375 0.4083333333333333 0.29322916666666665 0.4125 0.2927083333333333 0.4143518518518518 0.2934895833333333 0.41527777777777775 0.29401041666666666 0.4078703703703703 0.29322916666666665 0.40509259259259256 0.2947916666666667 0.387037037037037 0.29375 0.3833333333333333 0.2934895833333333 0.37407407407407406 0.29453125 0.3592592592592593 0.29322916666666665 0.3504629629629629 0.29375 0.33564814814814814 0.2973958333333333 0.3277777777777778 0.2989583333333333 0.31851851851851853 0.3005208333333333 0.31759259259259254 0.2997395833333333 0.3143518518518518 0.30104166666666665 0.3106481481481481 0.3005208333333333 0.2949074074074074 0.30234375 0.2828703703703704 0.3026041666666667 0.2685185185185185 0.30390625 0.2652777777777778 0.30390625 0.25787037037037036 0.3028645833333333 0.25509259259259254 0.3044270833333333 0.2518518518518518 0.30338541666666663 0.24768518518518517 0.30572916666666666 0.22777777777777777 0.3067708333333333 0.14907407407407408 0.3059895833333333 0.13379629629629627 0.3036458333333333 0.1259259259259259 0.30026041666666664 0.1222222222222222 0.2950520833333333 0.1199074074074074 0.29322916666666665 0.11574074074074074 0.2903645833333333 0.11944444444444444 0.27760416666666665 0.1611111111111111 0.2716145833333333 0.1884259259259259 0.27213541666666663 0.2125 0.26640625 0.23009259259259257
1 0.3484375 0.35 0.3473958333333333 0.3518518518518518 0.34791666666666665 0.36203703703703705 0.34635416666666663 0.3708333333333333 0.34713541666666664 0.37407407407407406 0.3497395833333333 0.37546296296296294 0.35572916666666665 0.3662037037037037 0.3552083333333333 0.3625 0.35651041666666666 0.3583333333333333 0.35494791666666664 0.3555555555555555 0.35625 0.3523148148148148 0.3559895833333333 0.3435185185185185 0.3591145833333333 0.3296296296296296 0.35885416666666664 0.31111111111111106 0.3611979166666667 0.29768518518518516 0.371875 0.0537037037037037 0.371875 0 0.3614583333333333 0 0.36197916666666663 0.005555555555555555 0.3598958333333333 0.03611111111111111 0.36041666666666666 0.0412037037037037 0.3567708333333333 0.0537037037037037 0.3575520833333333 0.05555555555555556 0.35572916666666665 0.0625 0.35807291666666663 0.08194444444444444 0.3575520833333333 0.12824074074074074 0.3567708333333333 0.14074074074074075 0.35572916666666665 0.14398148148148146 0.35416666666666663 0.18935185185185183 0.35234375 0.20185185185185187 0.3520833333333333 0.2361111111111111 0.34921875 0.2722222222222222 0.34869791666666666 0.2833333333333333 0.3494791666666667 0.2893518518518518 0.34791666666666665 0.32175925925925924 0.346875 0.3263888888888889 0.346875 0.34074074074074073 0.3484375 0.35
1 0.35182291666666665 0.3143518518518518 0.3533854166666667 0.31481481481481477 0.3533854166666667 0.33287037037037037 0.3505208333333333 0.33425925925925926 0.34921875 0.3379629629629629 0.35026041666666663 0.34305555555555556 0.3494791666666667 0.35277777777777775 0.35078125 0.36666666666666664 0.35078125 0.40370370370370373 0.35234375 0.41157407407407404 0.3544270833333333 0.40925925925925927 0.3567708333333333 0.40925925925925927 0.36276041666666664 0.41342592592592586 0.36640625 0.41342592592592586 0.36822916666666666 0.4078703703703703 0.3700520833333333 0.4078703703703703 0.36666666666666664 0.40324074074074073 0.36822916666666666 0.38009259259259254 0.36953125 0.37962962962962965 0.37369791666666663 0.37037037037037035 0.3747395833333333 0.3638888888888889 0.3768229166666667 0.33148148148148143 0.37526041666666665 0.3273148148148148 0.3770833333333333 0.324537037037037 0.3770833333333333 0.3097222222222222 0.37578125 0.3060185185185185 0.3825520833333333 0.17175925925925925 0.3817708333333333 0.16712962962962963 0.3825520833333333 0.15925925925925927 0.38385416666666666 0.15787037037037038 0.3825520833333333 0.15462962962962962 0.38229166666666664 0.14074074074074075 0.3841145833333333 0.137037037037037 0.38359375 0.12962962962962962 0.3802083333333333 0.11712962962962963 0.38125 0.11296296296296296 0.38046875 0.10138888888888889 0.38359375 0.09583333333333333 0.3828125 0.09074074074074073 0.38385416666666666 0.08842592592592592 0.38151041666666663 0.08425925925925926 0.3768229166666667 0.0824074074074074 0.3763020833333333 0.06898148148148148 0.3802083333333333 0.06435185185185185 0.3786458333333333 0.06018518518518519 0.3807291666666667 0.05740740740740741 0.378125 0.05555555555555556 0.3768229166666667 0.050925925925925916 0.375 0.050925925925925916 0.37109375 0.05555555555555556 0.36953125 0.05972222222222222 0.3692708333333333 0.08703703703703704 0.36744791666666665 0.11759259259259258 0.3661458333333333 0.11944444444444444 0.36744791666666665 0.1199074074074074 0.36822916666666666 0.12361111111111109 0.36588541666666663 0.13333333333333333 0.36666666666666664 0.1384259259259259 0.3653645833333333 0.14027777777777778 0.365625 0.1472222222222222 0.36822916666666666 0.15138888888888888 0.3661458333333333 0.15416666666666665 0.3661458333333333 0.16574074074074072 0.3651041666666667 0.16805555555555554 0.3651041666666667 0.175 0.36640625 0.17824074074074073 0.3651041666666667 0.18148148148148147 0.3651041666666667 0.18888888888888888 0.36640625 0.1912037037037037 0.3651041666666667 0.20277777777777778 0.3671875 0.20694444444444443 0.3661458333333333 0.20925925925925926 0.3669270833333333 0.2125 0.3645833333333333 0.22546296296296292 0.36328125 0.2273148148148148 0.36666666666666664 0.23425925925925925 0.36666666666666664 0.25370370370370365 0.3640625 0.2583333333333333 0.3630208333333333 0.25787037037037036 0.36041666666666666 0.25555555555555554 0.3598958333333333 0.24953703703703703 0.3552083333333333 0.24814814814814815 0.35494791666666664 0.2601851851851852 0.35390625 0.262037037037037 0.3575520833333333 0.2671296296296296 0.3572916666666667 0.27268518518518514 0.3546875 0.275 0.3552083333333333 0.2773148148148148 0.35182291666666665 0.2791666666666667 0.3528645833333333 0.29074074074074074 0.35078125 0.2958333333333333 0.35234375 0.3083333333333333 0.35182291666666665 0.3143518518518518
1 0.45703125 0.39259259259259255 0.4549479166666666 0.40324074074074073 0.45546875 0.4101851851851851 0.4565104166666666 0.4125 0.4575520833333333 0.4111111111111111 0.4609375 0.4148148148148148 0.4630208333333333 0.42037037037037034 0.4669270833333333 0.4226851851851851 0.4692708333333333 0.38796296296296295 0.4684895833333333 0.37962962962962965 0.4705729166666666 0.3712962962962963 0.4729166666666666 0.21666666666666665 0.4783854166666666 0.16435185185185183 0.478125 0.12083333333333332 0.4802083333333333 0.09583333333333333 0.4796875 0.08564814814814814 0.4809895833333333 0.08148148148148147 0.4799479166666666 0.062037037037037036 0.48359375 0.03657407407407407 0.4828125 0.025 0.4841145833333333 0 0.4763020833333333 0 0.4763020833333333 0.005555555555555555 0.4731770833333333 0.008333333333333333 0.47421875 0.012962962962962963 0.47265625 0.01898148148148148 0.4736979166666666 0.04953703703703703 0.47135416666666663 0.07685185185185185 0.45703125 0.375 0.45572916666666663 0.3828703703703703 0.4559895833333333 0.3907407407407407 0.45703125 0.39259259259259255
1 0.4700520833333333 0.39166666666666666 0.471875 0.39259259259259255 0.4723958333333333 0.40092592592592585 0.475 0.4027777777777778 0.47578125 0.40694444444444444 0.4783854166666666 0.4064814814814815 0.47916666666666663 0.3972222222222222 0.4770833333333333 0.39120370370370366 0.4778645833333333 0.3902777777777778 0.4776041666666666 0.37916666666666665 0.4794270833333333 0.3731481481481481 0.4794270833333333 0.3662037037037037 0.4783854166666666 0.3412037037037037 0.47734375 0.3398148148148148 0.4747395833333333 0.3402777777777778 0.4721354166666666 0.34444444444444444 0.471875 0.3680555555555555 0.4700520833333333 0.3694444444444444 0.4705729166666666 0.3731481481481481 0.46875 0.3814814814814814 0.4684895833333333 0.387037037037037 0.4700520833333333 0.39166666666666666
1 0.4776041666666666 0.017592592592592594 0.4768229166666666 0.029629629629629627 0.4778645833333333 0.03194444444444444 0.4765625 0.039351851851851846 0.47734375 0.04722222222222222 0.4765625 0.05 0.4770833333333333 0.053240740740740734 0.4796875 0.05694444444444444 0.4794270833333333 0.062037037037037036 0.47734375 0.06388888888888888 0.4796875 0.0662037037037037 0.48046875 0.0699074074074074 0.4794270833333333 0.08101851851851852 0.4794270833333333 0.1037037037037037 0.48046875 0.10925925925925925 0.4786458333333333 0.1125 0.4786458333333333 0.12268518518518519 0.48046875 0.12546296296296294 0.4822916666666666 0.12314814814814815 0.484375 0.10555555555555556 0.48359375 0.10046296296296295 0.4848958333333333 0.09907407407407406 0.484375 0.07870370370370369 0.48515625 0.07777777777777777 0.484375 0.07314814814814814 0.4854166666666666 0.07175925925925926 0.4846354166666666 0.06944444444444445 0.48515625 0.05694444444444444 0.48307291666666663 0.05601851851851851 0.4822916666666666 0.053240740740740734 0.4848958333333333 0.04351851851851852 0.4854166666666666 0 0.4765625 0 0.4776041666666666 0.017592592592592594
1 0.4739583333333333 0.3333333333333333 0.47578125 0.3282407407407407 0.4760416666666666 0.32361111111111107 0.4794270833333333 0.31759259259259254 0.47890625 0.31296296296296294 0.4802083333333333 0.3106481481481481 0.48125 0.29768518518518516 0.4802083333333333 0.2824074074074074 0.4822916666666666 0.2652777777777778 0.4822916666666666 0.21296296296296294 0.48307291666666663 0.20972222222222223 0.4822916666666666 0.2074074074074074 0.4828125 0.19166666666666665 0.48203125 0.18518518518518517 0.4825520833333333 0.175 0.4846354166666666 0.16805555555555554 0.4817708333333333 0.1648148148148148 0.4807291666666666 0.15046296296296297 0.47734375 0.15324074074074073 0.47890625 0.15694444444444444 0.47916666666666663 0.1648148148148148 0.47890625 0.17546296296296296 0.4770833333333333 0.18194444444444444 0.4768229166666666 0.1884259259259259 0.478125 0.1986111111111111 0.4765625 0.21620370370370368 0.4768229166666666 0.25231481481481477 0.4729166666666666 0.2861111111111111 0.4721354166666666 0.32870370370370366 0.4739583333333333 0.3333333333333333
1 0.4317708333333333 0.09537037037037036 0.43229166666666663 0.10509259259259258 0.4346354166666666 0.09861111111111111 0.4369791666666666 0.06805555555555555 0.4364583333333333 0.05972222222222222 0.43828125 0.0537037037037037 0.4375 0.05 0.4359375 0.04861111111111111 0.4348958333333333 0.05 0.4338541666666666 0.0699074074074074 0.4309895833333333 0.08009259259259259 0.43046875 0.09212962962962963 0.4317708333333333 0.09537037037037036
1 0.4203125 0.3361111111111111 0.4190104166666666 0.3449074074074074 0.4182291666666666 0.3680555555555555 0.4192708333333333 0.3759259259259259 0.4182291666666666 0.38055555555555554 0.41953125 0.38425925925925924 0.4200520833333333 0.40138888888888885 0.4177083333333333 0.4078703703703703 0.41875 0.4101851851851851 0.41875 0.4217592592592593 0.42057291666666663 0.43287037037037035 0.425 0.437962962962963 0.4265625 0.437962962962963 0.4268229166666666 0.3958333333333333 0.4260416666666666 0.37962962962962965 0.425 0.3763888888888889 0.4265625 0.3731481481481481 0.4270833333333333 0.31574074074074077 0.4255208333333333 0.2958333333333333 0.4270833333333333 0.2898148148148148 0.4276041666666666 0.2685185185185185 0.4296875 0.24537037037037038 0.4286458333333333 0.23379629629629628 0.4296875 0.2310185185185185 0.4296875 0.22407407407407404 0.4325520833333333 0.2064814814814815 0.43203125 0.20231481481481478 0.4338541666666666 0.18935185185185183 0.4341145833333333 0.15277777777777776 0.4354166666666666 0.1472222222222222 0.4346354166666666 0.13194444444444445 0.4356770833333333 0.12731481481481483 0.4346354166666666 0.12268518518518519 0.4356770833333333 0.11944444444444444 0.4354166666666666 0.1125 0.4325520833333333 0.10972222222222221 0.4307291666666666 0.11296296296296296 0.4307291666666666 0.12638888888888888 0.42890625 0.14027777777777778 0.4294270833333333 0.14398148148148146 0.428125 0.14675925925925926 0.4291666666666666 0.15138888888888888 0.42838541666666663 0.16574074074074072 0.4203125 0.2375 0.4213541666666666 0.25277777777777777 0.4184895833333333 0.3 0.4203125 0.30324074074074076 0.4203125 0.3361111111111111
1 0.4841145833333333 0.21666666666666665 0.48515625 0.21990740740740738 0.484375 0.22314814814814815 0.4854166666666666 0.22824074074074074 0.4846354166666666 0.23055555555555554 0.48515625 0.24212962962962964 0.48359375 0.25787037037037036 0.4833333333333333 0.2773148148148148 0.4822916666666666 0.28055555555555556 0.4828125 0.2953703703703704 0.4809895833333333 0.31759259259259254 0.4822916666666666 0.3222222222222222 0.4817708333333333 0.33148148148148143 0.4841145833333333 0.3361111111111111 0.4859375 0.34375 0.4854166666666666 0.3509259259259259 0.4838541666666666 0.35462962962962963 0.484375 0.3583333333333333 0.4828125 0.3694444444444444 0.4833333333333333 0.3833333333333333 0.4846354166666666 0.38611111111111107 0.4856770833333333 0.3837962962962963 0.4861979166666666 0.36157407407407405 0.4885416666666666 0.36018518518518516 0.4911458333333333 0.36296296296296293 0.4921875 0.3435185185185185 0.4911458333333333 0.3324074074074074 0.4916666666666666 0.3277777777777778 0.4901041666666666 0.3263888888888889 0.4890625 0.32037037037037036 0.49088541666666663 0.31157407407407406 0.49140625 0.30092592592592593 0.490625 0.29722222222222217 0.4916666666666666 0.2930555555555555 0.49296875 0.26296296296296295 0.4950520833333333 0.0699074074074074 0.4950520833333333 0.05694444444444444 0.49375 0.0537037037037037 0.4950520833333333 0.04212962962962963 0.4953125 0.015277777777777776 0.49453125 0.011574074074074073 0.490625 0.015277777777777776 0.48984375 0.028703703703703703 0.4911458333333333 0.04027777777777777 0.4890625 0.05833333333333333 0.4911458333333333 0.06666666666666667 0.4901041666666666 0.07037037037037037 0.4890625 0.09814814814814814 0.48984375 0.10925925925925925 0.4888020833333333 0.11759259259259258 0.4888020833333333 0.1449074074074074 0.48671875 0.16018518518518518 0.4875 0.16666666666666666 0.4861979166666666 0.18333333333333332 0.4838541666666666 0.19583333333333333 0.4856770833333333 0.20879629629629629 0.4841145833333333 0.21666666666666665
1 0.5169270833333333 0.32546296296296295 0.5169270833333333 0.34814814814814815 0.515625 0.3592592592592593 0.5166666666666666 0.3731481481481481 0.515625 0.38009259259259254 0.51640625 0.4111111111111111 0.51796875 0.41620370370370374 0.5182291666666666 0.43240740740740735 0.5223958333333333 0.4375 0.5265625 0.41157407407407404 0.5255208333333333 0.3226851851851852 0.5276041666666667 0.29768518518518516 0.5270833333333333 0.28425925925925927 0.52890625 0.2648148148148148 0.5296875 0.2333333333333333 0.53359375 0.18564814814814815 0.5361979166666666 0.10138888888888889 0.5408854166666666 0.02361111111111111 0.54140625 0 0.5372395833333333 0 0.5356770833333333 0.00787037037037037 0.5276041666666667 0.1662037037037037 0.5260416666666666 0.17453703703703702 0.52578125 0.19629629629629627 0.5234375 0.21296296296296294 0.5192708333333333 0.2722222222222222 0.5197916666666667 0.2861111111111111 0.5177083333333333 0.2958333333333333 0.5184895833333333 0.3138888888888889 0.5169270833333333 0.32546296296296295
1 0.6221354166666666 0.10046296296296295 0.6203125 0.11574074074074074 0.6216145833333333 0.13935185185185184 0.6208333333333333 0.1787037037037037 0.6192708333333333 0.19166666666666665 0.6203125 0.25601851851851853 0.6190104166666666 0.26805555555555555 0.6184895833333333 0.32175925925925924 0.6153645833333333 0.36203703703703705 0.6158854166666666 0.41256620370370367 0.61484375 0.43611111111111106 0.615625 0.4458333333333333 0.6182291666666666 0.44861111111111107 0.6182291666666666 0.4541666666666666 0.6161458333333333 0.4560185185185185 0.6153645833333333 0.46388888888888885 0.6127604166666666 0.4722222222222222 0.6130208333333333 0.47453703703703703 0.6153645833333333 0.47638888888888886 0.61953125 0.475462962962963 0.62265625 0.4606481481481481 0.6276041666666666 0.45555555555555555 0.6268229166666666 0.44490740740740736 0.6291666666666667 0.4421296296296296 0.6296875 0.4393518518518518 0.628125 0.43287037037037035 0.6283854166666666 0.42384259259259255 0.63046875 0.4180555555555555 0.6309895833333333 0.4111111111111111 0.6299479166666666 0.4083333333333333 0.628125 0.3884259259259259 0.6291666666666667 0.3837962962962963 0.6286458333333333 0.37962962962962965 0.63046875 0.3763888888888889 0.63046875 0.3694444444444444 0.6291666666666667 0.3648148148148148 0.63046875 0.35509259259259257 0.62890625 0.3523148148148148 0.628125 0.337037037037037 0.628125 0.3012347222222222 0.6302083333333333 0.2759259259259259 0.62890625 0.25509259259259254 0.6302083333333333 0.21759259259259256 0.6294270833333333 0.2026851851851852 0.6307291666666666 0.1925925925925926 0.6302083333333333 0.11898148148148147 0.63203125 0.08518518518518518 0.6315104166666666 0.018055555555555554 0.6294270833333333 0 0.6216145833333333 0 0.6229166666666666 0.053240740740740734 0.6221354166666666 0.10046296296296295
1 0.5739583333333333 0.1125 0.5755208333333333 0.11388888888888889 0.578125 0.10925925925925925 0.5778645833333333 0.10231481481481482 0.5760416666666666 0.09444444444444444 0.5744791666666667 0.09305555555555554 0.5739583333333333 0.0962962962962963 0.5747395833333333 0.10833333333333332 0.5739583333333333 0.1125
1 0.5739583333333333 0.2657407407407407 0.5778645833333333 0.2708333333333333 0.5794270833333333 0.262037037037037 0.5802083333333333 0.24722222222222218 0.5796875 0.2398148148148148 0.5807291666666666 0.2310185185185185 0.5802083333333333 0.2111111111111111 0.5809895833333333 0.20324074074074075 0.578125 0.16435185185185183 0.5760416666666666 0.16805555555555554 0.57578125 0.23148148148148148 0.57421875 0.24027777777777776 0.5755208333333333 0.2583333333333333 0.5739583333333333 0.2657407407407407
1 0.740625 0.1699074074074074 0.7380208333333333 0.18657407407407406 0.7390625 0.22592592592592592 0.7356770833333333 0.3324074074074074 0.73203125 0.3657407407407407 0.73046875 0.41527777777777775 0.7263020833333333 0.4921296296296296 0.7223958333333333 0.5268518518518518 0.7234375 0.5337962962962963 0.7328125 0.537037037037037 0.7361979166666666 0.537037037037037 0.73828125 0.5337962962962963 0.73984375 0.5050925925925925 0.7427083333333333 0.4916666666666666 0.7427083333333333 0.46342592592592585 0.74453125 0.449537037037037 0.7473958333333333 0.39259259259259255 0.7479166666666666 0.3504629629629629 0.75078125 0.324537037037037 0.7536458333333333 0.1912037037037037 0.7533854166666666 0.16342592592592592 0.7544270833333333 0.1476851851851852 0.75390625 0.12546296296296294 0.7549479166666666 0.11574074074074074 0.7544270833333333 0.0736111111111111 0.75546875 0.06435185185185185 0.75546875 0 0.7453125 0 0.7440104166666666 0.018055555555555554 0.7411458333333333 0.1560185185185185 0.740625 0.1699074074074074
1 0.6825520833333333 0.11296296296296296 0.6833333333333333 0.13194444444444445 0.68125 0.31731481481481477 0.6796875 0.3416666666666667 0.6786458333333333 0.3972222222222222 0.67734375 0.4097222222222222 0.6770833333333333 0.44305555555555554 0.6747395833333333 0.4703703703703703 0.675 0.4912037037037037 0.6783854166666666 0.49398148148148147 0.6815104166666666 0.4912037037037037 0.6822916666666666 0.4875 0.6828125 0.4726851851851851 0.6859375 0.4541666666666666 0.6877604166666667 0.4356481481481481 0.6877604166666667 0.4208333333333333 0.6890625 0.4148148148148148 0.6893229166666666 0.3523148148148148 0.6877604166666667 0.34074074074074073 0.6890625 0.33148148148148143 0.6895833333333333 0.199537037037037 0.6875 0.07453703703703704 0.6846354166666666 0 0.6802083333333333 0 0.68046875 0.012962962962962963 0.6794270833333333 0.01898148148148148 0.6833333333333333 0.10092592592592593 0.6825520833333333 0.11296296296296296
1 0.6497395833333333 0.18935185185185183 0.6505208333333333 0.1912037037037037 0.653125 0.1912037037037037 0.6549479166666666 0.18518518518518517 0.6533854166666666 0.1787037037037037 0.6505208333333333 0.17314814814814813 0.6486979166666667 0.16296296296296295 0.64765625 0.1611111111111111 0.6466145833333333 0.16296296296296295 0.64765625 0.17916666666666664 0.6497395833333333 0.18935185185185183
1 0.6471354166666666 0.3384259259259259 0.6489583333333333 0.3412037037037037 0.646875 0.3453703703703704 0.6515625 0.34907407407407404 0.6549479166666666 0.3453703703703704 0.6526041666666667 0.33425925925925926 0.6536458333333333 0.33148148148148143 0.6528645833333333 0.32314814814814813 0.6549479166666666 0.3138888888888889 0.6546875 0.3069444444444444 0.6559895833333333 0.3037037037037037 0.65546875 0.29768518518518516 0.6583333333333333 0.2879629629629629 0.66015625 0.22037037037037038 0.659375 0.1949074074074074 0.6614583333333333 0.19212962962962962 0.6611979166666666 0.19027777777777777 0.6546875 0.19212962962962962 0.65625 0.19537037037037036 0.6557291666666666 0.19907407407407407 0.6515625 0.20277777777777778 0.6513020833333333 0.23055555555555554 0.65234375 0.2347222222222222 0.65078125 0.23703703703703702 0.6515625 0.23935185185185187 0.65078125 0.25231481481481477 0.6518229166666666 0.25509259259259254 0.6497395833333333 0.26157407407407407 0.6510416666666666 0.2814814814814815 0.64921875 0.2967592592592593 0.6471354166666666 0.30324074074074076 0.64609375 0.31759259259259254 0.6455729166666666 0.33194444444444443 0.6471354166666666 0.3384259259259259
1 0.8588541666666666 0.05694444444444444 0.8591145833333332 0.11527777777777777 0.8609375 0.13935185185185184 0.8606770833333333 0.17824074074074073 0.8622395833333332 0.2333333333333333 0.859375 0.3347222222222222 0.86015625 0.337037037037037 0.8572916666666666 0.3708333333333333 0.8583333333333332 0.37916666666666665 0.85703125 0.39444444444444443 0.8588541666666666 0.40370370370370373 0.8619791666666666 0.4083333333333333 0.8643229166666666 0.4083333333333333 0.8697916666666666 0.40462962962962956 0.8731770833333332 0.39768518518518514 0.8739583333333332 0.3412037037037037 0.8716145833333332 0.32546296296296295 0.8716145833333332 0.2125 0.8697916666666666 0.17006157407407407 0.8692708333333332 0.1222222222222222 0.8627604166666666 0 0.8557291666666667 0 0.8588541666666666 0.05694444444444444
1 0.8557291666666667 0.0013888888888888887 0.8591145833333332 0.05787037037037037 0.8596354166666667 0.10462962962962963 0.8630208333333332 0.20787037037037037 0.8627604166666666 0.2462962962962963 0.8643229166666666 0.2777777777777778 0.86328125 0.2828703703703704 0.8661458333333332 0.2986111111111111 0.8658854166666666 0.32361111111111107 0.86953125 0.32685185185185184 0.8716145833333332 0.30046296296296293 0.8713541666666667 0.21620370370370368 0.8692708333333332 0.17129629629629628 0.8697916666666666 0.1472222222222222 0.8684895833333333 0.09537037037037036 0.8625 0 0.8557291666666667 0 0.8557291666666667 0.0013888888888888887
1 0.95859375 0.022685185185185183 0.9609375 0.03981481481481482 0.96171875 0.11435185185185184 0.9638020833333332 0.12777777777777777 0.9638020833333332 0.13148148148148148 0.9627604166666666 0.13333333333333333 0.9643229166666666 0.1361111111111111 0.9645833333333332 0.1611111111111111 0.9658854166666666 0.17222222222222222 0.9674479166666666 0.175 0.9666666666666666 0.18564814814814815 0.96875 0.20601851851851852 0.9677083333333332 0.2787037037037037 0.9651041666666667 0.29027777777777775 0.9635416666666666 0.2930555555555555 0.96484375 0.31296296296296294 0.9638020833333332 0.34814814814814815 0.9627604166666666 0.3518518518518518 0.9640625 0.3712962962962963 0.9627604166666666 0.39398148148148143 0.9640625 0.40138888888888885 0.9627604166666666 0.40370370370370373 0.9627604166666666 0.40694444444444444 0.9640625 0.41527777777777775 0.96328125 0.4180555555555555 0.96484375 0.43657407407407406 0.9627604166666666 0.4393518518518518 0.9651041666666667 0.4421296296296296 0.965625 0.4574074074074074 0.96484375 0.46018518518518514 0.9653645833333332 0.47129629629629627 0.96640625 0.47453703703703703 0.96328125 0.4875 0.9630208333333332 0.5023148148148148 0.9643229166666666 0.5208333333333333 0.9627604166666666 0.537037037037037 0.9630208333333332 0.5541666666666666 0.96953125 0.5652777777777778 0.978125 0.562037037037037 0.98046875 0.5583333333333333 0.98125 0.5541666666666666 0.9817708333333333 0.5314814814814814 0.9856770833333333 0.5087962962962963 0.9859375 0.48287037037037034 0.9880208333333332 0.4773148148148148 0.9885416666666667 0.47129629629629627 0.9880208333333332 0.4416666666666666 0.9864583333333332 0.43240740740740735 0.9869791666666666 0.4226851851851851 0.9880208333333332 0.4217592592592593 0.9869791666666666 0.4180555555555555 0.9888020833333332 0.4148148148148148 0.9854166666666666 0.38935185185185184 0.9859375 0.3421296296296296 0.984375 0.3194444444444444 0.98671875 0.2898148148148148 0.9854166666666666 0.28657407407407404 0.9846354166666667 0.25509259259259254 0.9833333333333332 0.24166666666666664 0.9796875 0.1162037037037037 0.97890625 0.11296296296296296 0.9799479166666666 0.10231481481481482 0.971875 0 0.9583333333333333 0 0.95859375 0.022685185185185183
1 0.9432291666666666 0.0032407407407407406 0.9463541666666666 0.02777777777777778 0.946875 0.039351851851851846 0.9453125 0.0537037037037037 0.9541666666666666 0.1662037037037037 0.9526041666666666 0.18935185185185183 0.9541666666666666 0.19583333333333333 0.9552083333333332 0.20972222222222223 0.9544270833333333 0.23425925925925925 0.95625 0.2611111111111111 0.9559895833333332 0.2847222222222222 0.9565104166666666 0.2935185185185185 0.9583333333333333 0.30046296296296293 0.9567708333333332 0.3083333333333333 0.9572916666666667 0.32314814814814813 0.9565104166666666 0.3277777777777778 0.9591145833333332 0.33425925925925926 0.96015625 0.3453703703703704 0.9635416666666666 0.34907407407407404 0.9645833333333332 0.32870370370370366 0.9645833333333332 0.31712962962962965 0.9635416666666666 0.31111111111111106 0.9645833333333332 0.2967592592592593 0.9635416666666666 0.28379629629629627 0.96484375 0.26157407407407407 0.9625 0.23641990740740737 0.96328125 0.23055555555555554 0.9622395833333333 0.22685185185185186 0.9614583333333332 0.16064814814814815 0.96015625 0.15138888888888888 0.96015625 0.1310185185185185 0.9588541666666666 0.12476851851851851 0.9552083333333332 0.07037037037037037 0.9528645833333332 0.050925925925925916 0.9536458333333332 0.03611111111111111 0.9497395833333332 0 0.9432291666666666 0 0.9432291666666666 0.0032407407407407406
0 0.73203125 0.9421296296296295 0.7385416666666667 0.9444444444444444 0.74453125 0.938425925925926 0.7552083333333333 0.9361111111111111 0.76875 0.9212962962962962 0.77578125 0.924537037037037 0.7830729166666666 0.9217592592592592 0.78984375 0.9083333333333332 0.7942708333333333 0.9083333333333332 0.7981770833333333 0.9060185185185186 0.8018229166666666 0.9092592592592592 0.7994791666666666 0.9148148148148147 0.803125 0.9203703703703703 0.803125 0.925 0.8046875 0.9305555555555556 0.80234375 0.9393518518518518 0.803125 0.9407407407407407 0.8057291666666666 0.9393518518518518 0.8127604166666667 0.9592592592592591 0.8125 0.999537037037037 0.8557291666666667 0.999537037037037 0.859765625 0.9962962962962962 0.86640625 0.9962962962962962 0.8700520833333332 0.9944444444444445 0.8731770833333332 0.9958333333333332 0.8838541666666666 0.9912037037037036 0.8802083333333333 0.986111111111111 0.8716145833333332 0.9805555555555555 0.8651041666666666 0.9638888888888888 0.8669270833333332 0.9597222222222221 0.8669270833333332 0.9569444444444445 0.87109375 0.950462962962963 0.8721354166666666 0.9462962962962962 0.8705729166666666 0.9398148148148147 0.87109375 0.9328703703703702 0.87421875 0.925 0.8768229166666666 0.924074074074074 0.8869791666666667 0.9324074074074075 0.890625 0.9319444444444445 0.8942708333333332 0.9342592592592591 0.8971354166666666 0.9314814814814815 0.9005208333333332 0.9314814814814815 0.9033854166666666 0.9282407407407407 0.90546875 0.9222222222222222 0.90546875 0.9180555555555555 0.9033854166666666 0.9078703703703702 0.8934895833333332 0.8912037037037036 0.8841145833333333 0.8861111111111111 0.8763020833333333 0.8842592592592592 0.8713541666666667 0.8796296296296295 0.87109375 0.875462962962963 0.8723958333333333 0.8703703703703702 0.8765625 0.8666666666666666 0.8807291666666666 0.8569444444444445 0.8809895833333332 0.8518518518518517 0.8830729166666667 0.8453703703703702 0.8822916666666666 0.8425925925925926 0.8833333333333332 0.8384259259259259 0.88203125 0.836574074074074 0.8799479166666666 0.8268518518518517 0.8765625 0.8231481481481481 0.8731770833333332 0.8231481481481481 0.8705729166666666 0.8208333333333332 0.8703125 0.8175925925925925 0.8489583333333333 0.7564814814814814 0.8486979166666666 0.7532407407407407 0.85078125 0.7462962962962962 0.8526041666666666 0.7444444444444444 0.85234375 0.7412037037037036 0.8544270833333332 0.735648148148148 0.8588541666666666 0.7324074074074074 0.86640625 0.7314814814814814 0.8690104166666666 0.7291666666666666 0.8734375 0.7300925925925925 0.884375 0.7273148148148147 0.88828125 0.7240740740740741 0.8890625 0.7199074074074073 0.8880208333333333 0.7166666666666666 0.88125 0.7125 0.8765625 0.7064814814814814 0.8697916666666666 0.7055555555555555 0.8658854166666666 0.7009259259259258 0.8653645833333332 0.6958333333333333 0.8611979166666666 0.6888888888888889 0.8591145833333332 0.6879629629629629 0.8559895833333332 0.6912037037037037 0.85 0.6921296296296295 0.8489583333333333 0.6898148148148148 0.84453125 0.6888888888888889 0.8403645833333332 0.6847222222222221 0.8390625 0.6671296296296296 0.8377604166666666 0.6615740740740741 0.8354166666666666 0.6587962962962963 0.8354166666666666 0.6541666666666666 0.834375 0.6518518518518518 0.8348958333333332 0.6458333333333333 0.8330729166666666 0.6342592592592593 0.83515625 0.6180555555555556 0.8322916666666667 0.6087962962962963 0.8333333333333333 0.6055555555555555 0.8315104166666666 0.6041666666666666 0.8315104166666666 0.5912037037037037 0.8296875 0.5953703703703703 0.8247395833333332 0.5949074074074073 0.8221354166666666 0.5888888888888888 0.8216145833333333 0.5833333333333333 0.8169270833333332 0.5847222222222223 0.81875 0.586574074074074 0.81875 0.5893518518518518 0.8161458333333332 0.5916666666666666 0.8171875 0.5939814814814814 0.8158854166666666 0.6027777777777777 0.8140625 0.6041666666666666 0.8114583333333332 0.6157407407407407 0.8098958333333333 0.6300925925925925 0.8106770833333332 0.6430555555555555 0.8098958333333333 0.6509259259259259 0.8067708333333332 0.6569444444444443 0.8041666666666666 0.6541666666666666 0.8 0.6564814814814814 0.7963541666666666 0.6611111111111111 0.796875 0.6629629629629629 0.7953125 0.6657407407407407 0.78984375 0.6662037037037036 0.7864583333333333 0.6699074074074074 0.7828125 0.6685185185185185 0.7799479166666666 0.6726851851851852 0.7765625 0.687037037037037 0.7723958333333333 0.6925925925925925 0.7734375 0.6953703703703703 0.7723958333333333 0.7 0.7739583333333333 0.7097222222222221 0.7869791666666666 0.725 0.78602421875 0.740123611111111 0.78359375 0.7444444444444444 0.7838541666666666 0.7518518518518518 0.7893229166666667 0.7819444444444443 0.7859375 0.7865740740740741 0.7770833333333333 0.7875 0.7744791666666666 0.7902777777777777 0.7703125 0.799537037037037 0.76953125 0.8143518518518518 0.7705729166666666 0.826388888888889 0.7661458333333333 0.8305555555555555 0.7614583333333333 0.8277777777777777 0.7580729166666667 0.8314814814814815 0.7546875 0.8416666666666666 0.7536458333333333 0.8527777777777776 0.7497395833333333 0.8689814814814815 0.7497395833333333 0.8731481481481481 0.7565104166666666 0.8814814814814815 0.7611979166666666 0.8930555555555555 0.7557291666666666 0.9013888888888888 0.74765625 0.9083333333333332 0.7403645833333333 0.9106481481481481 0.73203125 0.9097222222222221 0.7263020833333333 0.9171296296296296 0.72734375 0.9351851851851851 0.73203125 0.9421296296296295
1 0.82421875 0.31620370370370365 0.8229166666666666 0.32685185185185184 0.82421875 0.3388888888888889 0.82265625 0.34444444444444444 0.8236979166666666 0.3574074074074074 0.8234375 0.44027777777777777 0.8239583333333332 0.4462962962962963 0.8255208333333333 0.449537037037037 0.8244791666666667 0.4574074074074074 0.82734375 0.46759259259259256 0.8276041666666666 0.47407407407407404 0.82578125 0.4884259259259259 0.828125 0.4981481481481481 0.8317708333333332 0.4810185185185185 0.8317708333333332 0.42453703703703705 0.82890625 0.4208333333333333 0.8309895833333332 0.41666666666666663 0.8317708333333332 0.4111111111111111 0.83046875 0.39305555555555555 0.83046875 0.36342592592592593 0.8315104166666666 0.35509259259259257 0.8302083333333332 0.3458333333333333 0.8278645833333332 0.2814814814814815 0.8265625 0.28194444444444444 0.825 0.29027777777777775 0.8229166666666666 0.2930555555555555 0.82421875 0.29768518518518516 0.82421875 0.31620370370370365
1 0.76875 0.3902777777777778 0.7651041666666666 0.487962962962963 0.7690104166666666 0.4930555555555555 0.7705729166666666 0.4912037037037037 0.7721354166666666 0.4842592592592593 0.7736979166666667 0.46990740740740733 0.7744791666666666 0.4532407407407407 0.7736979166666667 0.4333333333333333 0.7768229166666666 0.4111111111111111 0.77578125 0.39444444444444443 0.7770833333333333 0.387037037037037 0.7760416666666666 0.374537037037037 0.7770833333333333 0.3569444444444444 0.7760416666666666 0.32870370370370366 0.7768229166666666 0.28518518518518515 0.7765625 0.2791666666666667 0.7752604166666666 0.2763888888888889 0.7763020833333333 0.2648148148148148 0.77265625 0.2611111111111111 0.7713541666666666 0.2685185185185185 0.7708333333333333 0.31759259259259254 0.76875 0.3375 0.7697916666666667 0.3833333333333333 0.76875 0.3902777777777778
1 0.6927083333333333 0.3851851851851852 0.6955729166666667 0.3837962962962963 0.69609375 0.38101851851851853 0.7033854166666667 0.2574074074074074 0.70390625 0.18148148148148147 0.703125 0.1638888888888889 0.7013020833333333 0.18148148148148147 0.7020833333333333 0.18703703703703703 0.7005208333333333 0.19583333333333333 0.7015625 0.2 0.6950520833333333 0.2828703703703704 0.6950520833333333 0.31157407407407406 0.6927083333333333 0.3851851851851852
1 0.7078125 0.3555555555555555 0.70859375 0.3694444444444444 0.7059895833333333 0.3847222222222222 0.70625 0.412962962962963 0.709375 0.44259259259259254 0.7122395833333333 0.4458333333333333 0.7122395833333333 0.449537037037037 0.7135416666666666 0.45138888888888884 0.71484375 0.449537037037037 0.7153645833333333 0.4453703703703703 0.7190104166666667 0.44259259259259254 0.7213541666666666 0.3949074074074074 0.7200520833333333 0.3814814814814814 0.7203125 0.35 0.72109375 0.3486111111111111 0.7192708333333333 0.3453703703703704 0.7203125 0.3412037037037037 0.7158854166666666 0.3416666666666667 0.71484375 0.3388888888888889 0.7151041666666667 0.3347222222222222 0.7177083333333333 0.33194444444444443 0.7174479166666666 0.32685185185185184 0.7192708333333333 0.3138888888888889 0.71875 0.3097222222222222 0.7197916666666666 0.3074074074074074 0.71875 0.3023148148148148 0.71953125 0.29212962962962963 0.7174479166666666 0.2791666666666667 0.7174479166666666 0.2722222222222222 0.7197916666666666 0.25509259259259254 0.71953125 0.24074074074074076 0.7203125 0.23796296296296293 0.7216145833333333 0.2375 0.71953125 0.22129629629629627 0.7208333333333333 0.18148148148148147 0.71953125 0.17546296296296296 0.7192708333333333 0.15416666666666665 0.7171875 0.1509259259259259 0.715625 0.15648148148148147 0.7138020833333333 0.20787037037037037 0.71171875 0.2324074074074074 0.7127604166666666 0.2564814814814815 0.7098958333333333 0.27175925925925926 0.7088541666666666 0.29907407407407405 0.7096354166666666 0.3194444444444444 0.7078125 0.3555555555555555
1 0.9252604166666666 0.1384259259259259 0.9265625 0.13379629629629627 0.92734375 0.11944444444444444 0.9252604166666666 0.11157407407407408 0.92421875 0.1162037037037037 0.9239583333333332 0.12777777777777777 0.9252604166666666 0.1384259259259259
1 0.9252604166666666 0.19907407407407407 0.928125 0.19583333333333333 0.9265625 0.18703703703703703 0.92890625 0.175 0.9260416666666667 0.17129629629629628 0.925 0.17175925925925925 0.9244791666666666 0.19305555555555554 0.9252604166666666 0.19907407407407407
1 0.9283854166666666 0.33518518518518514 0.93203125 0.3375 0.93359375 0.31805555555555554 0.9330729166666666 0.2611111111111111 0.93046875 0.2458333333333333 0.9302083333333332 0.22361111111111112 0.9291666666666666 0.22129629629629627 0.9268229166666666 0.22361111111111112 0.9263020833333332 0.23518518518518516 0.9283854166666666 0.33518518518518514
1 0.62421875 0.04583333333333333 0.621875 0.1449074074074074 0.62265625 0.16157407407407406 0.621875 0.17685185185185184 0.61953125 0.1907407407407407 0.6098958333333333 0.6462962962962963 0.6106770833333333 0.6523148148148148 0.61640625 0.6592592592592592 0.6161458333333333 0.6810185185185185 0.6192708333333333 0.6824074074074074 0.6208333333333333 0.6791666666666666 0.621875 0.6717592592592593 0.6229166666666666 0.6546296296296296 0.6221354166666666 0.6513888888888888 0.6244791666666666 0.6407407407407407 0.62421875 0.6199074074074074 0.6265625 0.6032407407407407 0.6265625 0.5828703703703704 0.6338541666666666 0.5180555555555555 0.6364583333333333 0.48240740740740734 0.6354166666666666 0.4768518518518518 0.6359375 0.4722222222222222 0.634375 0.45185185185185184 0.634375 0.40555555555555556 0.6328125 0.3935185185185185 0.6346354166666666 0.36666666666666664 0.6341145833333333 0.3412037037037037 0.63359375 0.3379629629629629 0.63046875 0.34074074074074073 0.62890625 0.3375 0.6294270833333333 0.3347222222222222 0.6283854166666666 0.3324074074074074 0.6302083333333333 0.3277777777777778 0.6299479166666666 0.3208333333333333 0.62890625 0.31805555555555554 0.6302083333333333 0.3138888888888889 0.62890625 0.3106481481481481 0.6286458333333333 0.3055555555555555 0.6286458333333333 0.2953703703703704 0.6302083333333333 0.28657407407407404 0.6299479166666666 0.2652777777777778 0.6286458333333333 0.2611111111111111 0.6296875 0.2583333333333333 0.62890625 0.24861111111111112 0.6302083333333333 0.2444444444444444 0.6286458333333333 0.23888888888888887 0.6286458333333333 0.23379629629629628 0.6302083333333333 0.22361111111111112 0.6291666666666667 0.22129629629629627 0.6299479166666666 0.21620370370370368 0.628125 0.20509259259259255 0.6309895833333333 0.18935185185185183 0.6307291666666666 0.14074074074074075 0.6299479166666666 0.13564814814814813 0.6307291666666666 0.13333333333333333 0.6309895833333333 0.0962962962962963 0.6322916666666666 0.08472222222222223 0.6322916666666666 0.07453703703703704 0.6309895833333333 0.06805555555555555 0.63203125 0.06064814814814814 0.63125 0.0412037037037037 0.63203125 0.01990740740740741 0.6291666666666667 0.005555555555555555 0.6296875 0 0.62265625 0 0.6221354166666666 0.006481481481481481 0.6229166666666666 0.04027777777777777 0.62421875 0.04583333333333333
0 0.41981770833333326 0.6318726851851852 0.4455731770833333 0.6666712962962962 0.49759973958333326 0.6465249999999999 0.5568377604166667 0.5439601851851851 0.5475658854166665 0.4880986111111111 0.46514765624999993 0.45787870370370365 0.37139687499999996 0.46795231481481486 0.38375963541666663 0.5842532407407408 0.41981770833333326 0.6318726851851852
0 0.9122661458333333 0.6538509259259259 0.9081453125 0.7326060185185186 0.9189627604166667 0.7362689814814815 0.9065999999999999 0.8141083333333332 0.9060848958333333 0.8727171296296297 0.9534752604166666 0.787551388888889 0.9951994791666665 0.7774782407407408 0.9931390624999998 0.6080629629629629 0.9163872395833333 0.5366337962962963 0.9143265625 0.5815060185185186 0.9122661458333333 0.6538509259259259
0 0.03098958333333333 0.4462962962962963 0.03229166666666666 0.4481481481481481 0.043229166666666666 0.4523148148148148 0.04635416666666666 0.4180555555555555 0.04609375 0.40740740740740733 0.047135416666666666 0.40462962962962956 0.04635416666666666 0.3949074074074074 0.047135416666666666 0.3574074074074074 0.045572916666666664 0.32916666666666666 0.04583333333333333 0.312037037037037 0.04791666666666666 0.29722222222222217 0.047135416666666666 0.25416666666666665 0.04895833333333333 0.24768518518518517 0.046614583333333334 0.22546296296296292 0.05052083333333333 0.20185185185185187 0.05078125 0.17777777777777776 0.04921875 0.175 0.04895833333333333 0.1699074074074074 0.04895833333333333 0.16527777777777777 0.05052083333333333 0.16064814814814815 0.049479166666666664 0.15046296296296297 0.05 0.14027777777777778 0.0515625 0.137037037037037 0.05208333333333333 0.12546296296296294 0.05598958333333333 0.1259259259259259 0.057291666666666664 0.12777777777777777 0.05807291666666666 0.10092592592592593 0.05598958333333333 0.08148148148148147 0.05598958333333333 0.0662037037037037 0.06041666666666666 0.04351851851851852 0.06041666666666666 0.031018518518518518 0.06197916666666666 0.023148148148148147 0.06171875 0 0.05651041666666666 0 0.05546875 0.005555555555555555 0.05364583333333332 0.008333333333333333 0.054947916666666666 0.018518518518518517 0.05364583333333332 0.02175925925925926 0.05078125 0.06388888888888888 0.03984375 0.1736111111111111 0.03854166666666666 0.22824074074074074 0.03671875 0.2574074074074074 0.03411458333333333 0.2759259259259259 0.03203125 0.3402777777777778 0.03020833333333333 0.43194444444444446 0.03098958333333333 0.4462962962962963
1 0.8596354166666667 0.5032407407407408 0.8627604166666666 0.5055555555555555 0.8630208333333332 0.499537037037037 0.8661458333333332 0.5013888888888889 0.8674479166666667 0.4884259259259259 0.8666666666666666 0.4856481481481481 0.86328125 0.4837962962962963 0.8622395833333332 0.47916666666666663 0.8598958333333332 0.47777777777777775 0.8578125 0.47870370370370374 0.8557291666666667 0.4837962962962963 0.8557291666666667 0.5060185185185185 0.8596354166666667 0.5032407407407408
1 0.23776041666666664 0.010185185185185184 0.23958333333333331 0.0060185185185185185 0.24322916666666666 0.007407407407407407 0.24453125 0.014814814814814814 0.24375 0.02037037037037037 0.2450520833333333 0.02175925925925926 0.24401041666666665 0.025925925925925925 0.24557291666666664 0.02685185185185185 0.24869791666666666 0.022685185185185183 0.24921875 0.008333333333333333 0.24791666666666665 0.0060185185185185185 0.2489583333333333 0 0.2372395833333333 0 0.23567708333333331 0.005092592592592592 0.23776041666666664 0.010185185185185184
1 0.03203125 0.4462962962962963 0.043229166666666666 0.4523148148148148 0.046875 0.4148148148148148 0.04635416666666666 0.40509259259259256 0.04739583333333333 0.40138888888888885 0.04635416666666666 0.3972222222222222 0.046875 0.3828703703703703 0.04583333333333333 0.3768518518518518 0.047135416666666666 0.3731481481481481 0.047135416666666666 0.3643518518518518 0.0484375 0.3592592592592593 0.04635416666666666 0.3379629629629629 0.047135416666666666 0.30324074074074076 0.04817708333333333 0.29768518518518516 0.047135416666666666 0.2875 0.047135416666666666 0.25370370370370365 0.04973958333333333 0.24120370370370367 0.04817708333333333 0.23194444444444443 0.049479166666666664 0.22407407407407404 0.04869791666666666 0.21944444444444441 0.05026041666666666 0.2134259259259259 0.04921875 0.20833333333333331 0.05182291666666666 0.1787037037037037 0.051041666666666666 0.17129629629629628 0.049479166666666664 0.16712962962962963 0.051302083333333325 0.1597222222222222 0.051302083333333325 0.15555555555555553 0.05 0.1537037037037037 0.049479166666666664 0.14953703703703702 0.05182291666666666 0.137037037037037 0.05182291666666666 0.12962962962962962 0.05546875 0.12685185185185183 0.05703125 0.1300925925925926 0.05755208333333332 0.12638888888888888 0.05807291666666666 0.08796296296296295 0.05651041666666666 0.08472222222222223 0.05546875 0.06712962962962962 0.060677083333333326 0.043981481481481476 0.05963541666666666 0.032407407407407406 0.06197916666666666 0.024074074074074074 0.06145833333333332 0 0.053385416666666664 0 0.053385416666666664 0.03333333333333333 0.04869791666666666 0.07453703703703704 0.04817708333333333 0.09259259259259259 0.046875 0.09861111111111111 0.04505208333333333 0.1259259259259259 0.04348958333333333 0.13194444444444445 0.03984375 0.17314814814814813 0.03828125 0.20231481481481478 0.03854166666666666 0.22777777777777777 0.03307291666666666 0.2861111111111111 0.033854166666666664 0.28888888888888886 0.033854166666666664 0.30416666666666664 0.031510416666666666 0.336574074074074 0.03020833333333333 0.4356481481481481 0.03203125 0.4462962962962963
1 0.859375 0.44722222222222224 0.8572916666666666 0.45972222222222225 0.8575520833333332 0.46712962962962956 0.8588541666666666 0.4694444444444444 0.85859375 0.475 0.86015625 0.47592592592592586 0.8645833333333333 0.46759259259259256 0.8671875 0.4666666666666666 0.8700520833333332 0.4564814814814815 0.8700520833333332 0.449537037037037 0.8671875 0.43611111111111106 0.8669270833333332 0.4296296296296296 0.8682291666666666 0.425462962962963 0.8682291666666666 0.41990740740740734 0.8705729166666666 0.41388888888888886 0.8666666666666666 0.40925925925925927 0.8645833333333333 0.40925925925925927 0.8645833333333333 0.4111111111111111 0.86015625 0.41759259259259257 0.8611979166666666 0.4217592592592593 0.859375 0.42453703703703705 0.85859375 0.43194444444444446 0.8583333333333332 0.4421296296296296 0.859375 0.44722222222222224