1 0.5296875 0 0.5359375 0 0.534375 0.0078125 0.5359375 0.1046875 0.534375 0.1109375 0.5375 0.1296875 0.5359375 0.13125 0.5359375 0.2234375 0.5375 0.23125 0.5359375 0.2328125 0.534375 0.3203125 0.5328125 0.321875 0.534375 0.3234375 0.5328125 0.3265625 0.5328125 0.428125 0.5296875 0.4359375 0.5265625 0.4328125 0.5265625 0.375 0.528125 0.3734375 0.5265625 0.3703125 0.528125 0.365625 0.5265625 0.259375 0.5296875 0.2328125 0.5296875 0.115625 0.528125 0.1140625 0.5296875 0.1109375 0.528125 0.1015625 0.5296875 0.015625 0.53125 0.0140625 0.5296875 0.0015625
1 0.9734375 0 0.9828125 0 0.984375 0.003125 0.9875 0 0.996875 0 0.9984375 0.003125 0.9984375 0.0171875 0.9953125 0.0265625 0.984375 0.034375 0.984375 0.0828125 0.9875 0.1 0.9875 0.1484375 0.9890625 0.15 0.9890625 0.1953125 0.990625 0.196875 0.9890625 0.3421875 0.9921875 0.359375 0.9890625 0.36875 0.9921875 0.3859375 0.9890625 0.396875 0.9875 0.434375 0.978125 0.453125 0.9828125 0.403125 0.9859375 0.390625 0.9859375 0.371875 0.98125 0.3703125 0.98125 0.3515625 0.9796875 0.35 0.98125 0.15 0.9796875 0.1484375 0.978125 0.06875 0.975 0.0375 0.9703125 0.03125 0.965625 0.0328125 0.959375 0.028125 0.9640625 0.009375 0.9734375 0.0015625
1 0.16875 0 0.1796875 0 0.175 0.05 0.1734375 0.1609375 0.171875 0.1625 0.171875 0.184375 0.1734375 0.1859375 0.171875 0.1875 0.1734375 0.190625 0.171875 0.2015625 0.171875 0.2578125 0.1734375 0.259375 0.171875 0.328125 0.175 0.3515625 0.171875 0.359375 0.1734375 0.3640625 0.171875 0.3703125 0.1765625 0.4125 0.1765625 0.4609375 0.171875 0.4640625 0.165625 0.4640625 0.1640625 0.4484375 0.159375 0.4390625 0.1609375 0.4265625 0.1640625 0.4203125 0.1640625 0.4015625 0.1671875 0.3921875 0.1671875 0.36875 0.1609375 0.3484375 0.159375 0.259375 0.1609375 0.2578125 0.1609375 0.165625 0.1640625 0.134375 0.1640625 0.096875 0.165625 0.0953125 0.1640625 0.090625 0.1671875 0.0640625 0.16875 0.0015625
1 0.1296875 0 0.140625 0 0.1421875 0.0046875 0.1421875 0.028125 0.1390625 0.0421875 0.1390625 0.075 0.1359375 0.1 0.134375 0.2203125 0.1328125 0.221875 0.1328125 0.2578125 0.134375 0.259375 0.1328125 0.3 0.1359375 0.325 0.134375 0.328125 0.1359375 0.3296875 0.134375 0.3703125 0.1375 0.3796875 0.1375 0.4 0.134375 0.415625 0.1359375 0.478125 0.134375 0.48125 0.1296875 0.48125 0.1203125 0.4765625 0.1203125 0.4421875 0.11875 0.440625 0.1171875 0.3890625 0.115625 0.3875 0.11875 0.1671875 0.1203125 0.165625 0.1203125 0.1265625 0.1265625 0.0703125 0.125 0.0671875 0.1265625 0.065625 0.128125 0.003125 0.1296875 0.0015625
1 0.0109375 0 0.0296875 0 0.03125 0.003125 0.028125 0.05625 0.0234375 0.08125 0.0234375 0.1296875 0.0171875 0.178125 0.015625 0.25625 0.0125 0.2609375 0.015625 0.271875 0.0140625 0.275 0.015625 0.290625 0.0125 0.296875 0.0125 0.30625 0.015625 0.3140625 0.0109375 0.3234375 0.015625 0.3296875 0.015625 0.3359375 0.0109375 0.3375 0.0078125 0.3421875 0.0078125 0.3703125 0.015625 0.371875 0.015625 0.378125 0.0109375 0.378125 0.0078125 0.384375 0.0078125 0.4046875 0.0109375 0.4265625 0.009375 0.4859375 0.0109375 0.4875 0.0125 0.54375 0 0.5484375 0 0.14375 0.0046875 0.140625 0.003125 0.134375 0 0.1328125 0 0.08125 0.003125 0.0796875 0.0078125 0.0375 0.00625 0.025 0.0109375 0.0015625
1 0.4140625 0 0.425 0 0.4234375 0.0140625 0.425 0.01875 0.425 0.040625 0.4234375 0.0421875 0.4234375 0.0625 0.425 0.0640625 0.4234375 0.35625 0.425 0.3578125 0.425 0.44375 0.4265625 0.4453125 0.4265625 0.45 0.421875 0.45625 0.4125 0.459375 0.4109375 0.4578125 0.4109375 0.3890625 0.409375 0.3875 0.4109375 0.3859375 0.409375 0.3796875 0.4109375 0.378125 0.4109375 0.2296875 0.409375 0.2203125 0.4109375 0.21875 0.4109375 0.121875 0.4125 0.1203125 0.4125 0.09375 0.4109375 0.0921875 0.4125 0.090625 0.4140625 0.0015625
1 0.7734375 0 0.803125 0 0.8046875 0.003125 0.8109375 0.0046875 0.8546875 0.0046875 0.859375 0 0.8765625 0 0.8796875 0.0765625 0.88125 0.078125 0.8796875 0.09375 0.88125 0.2359375 0.8796875 0.2375 0.8796875 0.2796875 0.8765625 0.2890625 0.8765625 0.3046875 0.875 0.30625 0.8765625 0.31875 0.875 0.3203125 0.8734375 0.3640625 0.8765625 0.3859375 0.875 0.3875 0.8734375 0.4515625 0.86875 0.4796875 0.8703125 0.528125 0.8640625 0.584375 0.8640625 0.6125 0.859375 0.640625 0.859375 0.6640625 0.85 0.7171875 0.85 0.7453125 0.84375 0.7703125 0.84375 0.79375 0.8390625 0.81875 0.8390625 0.840625 0.8359375 0.853125 0.815625 0.8578125 0.803125 0.85625 0.7796875 0.8453125 0.771875 0.8359375 0.7578125 0.825 0.7546875 0.8140625 0.74375 0.80625 0.7375 0.7921875 0.7296875 0.7828125 0.7265625 0.753125 0.7265625 0.7390625 0.73125 0.7203125 0.7375 0.65 0.7421875 0.63125 0.7453125 0.5765625 0.746875 0.575 0.746875 0.54375 0.7515625 0.5203125 0.7515625 0.49375 0.7578125 0.446875 0.7578125 0.421875 0.7609375 0.415625 0.7609375 0.4046875 0.7640625 0.3953125 0.7625 0.3796875 0.7671875 0.3453125 0.765625 0.3109375 0.771875 0.2546875 0.771875 0.2375 0.7703125 0.2359375 0.771875 0.0671875 0.7703125 0.065625 0.7703125 0.05 0.771875 0.0484375 0.771875 0.003125 0.7734375 0.0015625
1 0.07864583333333333 0.34398148148148144 0.07760416666666667 0.3453703703703704 0.08098958333333332 0.3486111111111111 0.0796875 0.3569444444444444 0.08072916666666666 0.37916666666666665 0.07942708333333333 0.387037037037037 0.08385416666666666 0.43287037037037035 0.0859375 0.4439814814814815 0.08828125 0.44675925925925924 0.090625 0.4462962962962963 0.09427083333333333 0.44259259259259254 0.09557291666666666 0.4300925925925926 0.09557291666666666 0.4111111111111111 0.09010416666666667 0.27824074074074073 0.09088541666666666 0.175 0.09296875 0.15833333333333333 0.09244791666666666 0.14675925925925926 0.09375 0.10231481481481482 0.09479166666666666 0.09398148148148147 0.09479166666666666 0.07314814814814814 0.09609375 0.05740740740740741 0.09557291666666666 0.05277777777777778 0.09895833333333333 0.025925925925925925 0.09973958333333333 0 0.08854166666666666 0 0.084375 0.0912037037037037 0.084375 0.15185185185185185 0.08333333333333333 0.18796296296296294 0.084375 0.23657407407407405 0.08229166666666667 0.2861111111111111 0.0828125 0.3055555555555555 0.07916666666666666 0.32037037037037036 0.07786458333333332 0.3310185185185185 0.07890625 0.3324074074074074 0.07864583333333333 0.34398148148148144
1 0.084375 0.19537037037037036 0.084375 0.23703703703703702 0.08307291666666666 0.25509259259259254 0.08359375 0.26944444444444443 0.08203125 0.2861111111111111 0.0828125 0.2884259259259259 0.0828125 0.3055555555555555 0.078125 0.32407407407407407 0.07708333333333332 0.3453703703703704 0.07994791666666666 0.3486111111111111 0.078125 0.3592592592592593 0.08046875 0.38055555555555554 0.07942708333333333 0.387037037037037 0.08411458333333333 0.43472222222222223 0.08619791666666667 0.4444444444444445 0.0890625 0.44675925925925924 0.09166666666666666 0.4458333333333333 0.09427083333333333 0.4421296296296296 0.0953125 0.4296296296296296 0.09427083333333333 0.4222222222222222 0.09505208333333333 0.4111111111111111 0.09166666666666666 0.4027777777777778 0.09140625 0.3986111111111111 0.09270833333333332 0.38796296296296295 0.09296875 0.3726851851851852 0.0921875 0.34398148148148144 0.08958333333333332 0.3138888888888889 0.08984375 0.22962962962962963 0.09140625 0.16574074074074072 0.09322916666666667 0.15787037037037038 0.09348958333333332 0.11388888888888889 0.09505208333333333 0.09351851851851851 0.09583333333333333 0.05185185185185185 0.09895833333333333 0.02685185185185185 0.1 0 0.08880208333333332 0 0.08932291666666667 0.005555555555555555 0.08828125 0.008333333333333333 0.08776041666666666 0.033796296296296297 0.08489583333333332 0.07777777777777777 0.08359375 0.18888888888888888 0.084375 0.19537037037037036
1 0.5744791666666667 0.014814814814814814 0.5752604166666666 0.01990740740740741 0.57421875 0.03055555555555555 0.57578125 0.045370370370370366 0.5760416666666666 0.06342592592592591 0.5747395833333333 0.07731481481481481 0.5739583333333333 0.24074074074074076 0.5747395833333333 0.25555555555555554 0.5723958333333333 0.29953703703703705 0.5723958333333333 0.32314814814814813 0.5731770833333333 0.3347222222222222 0.5744791666666667 0.3375 0.5776041666666666 0.32546296296296295 0.57890625 0.30092592592592593 0.58046875 0.18564814814814815 0.5799479166666666 0.10656851851851852 0.5807291666666666 0.043981481481481476 0.5817708333333333 0.035648148148148144 0.58046875 0.027314814814814813 0.5809895833333333 0.008333333333333333 0.5799479166666666 0 0.57421875 0 0.57578125 0.004166666666666667 0.5744791666666667 0.014814814814814814
1 0.5520833333333333 0.3712962962962963 0.55390625 0.37870370370370365 0.5546875 0.3722222222222222 0.5544270833333333 0.3416666666666667 0.55390625 0.3402777777777778 0.5528645833333333 0.3416666666666667 0.553125 0.35972222222222217 0.5520833333333333 0.3712962962962963
1 0.5502604166666666 0.03287037037037037 0.5518229166666666 0.04074074074074074 0.5510416666666667 0.04675925925925926 0.5520833333333333 0.05416666666666666 0.553125 0.059259259259259255 0.5544270833333333 0.05972222222222222 0.5559895833333333 0.05787037037037037 0.55703125 0.04861111111111111 0.5559895833333333 0.03773148148148148 0.5572916666666666 0.029166666666666664 0.5559895833333333 0.025925925925925925 0.5552083333333333 0.015277777777777776 0.55390625 0.013425925925925924 0.5528645833333333 0.014814814814814814 0.5518229166666666 0.027546296296296298 0.5502604166666666 0.03287037037037037
1 0.55078125 0.15694444444444444 0.5518229166666666 0.21712962962962962 0.5513020833333333 0.2634259259259259 0.5526041666666666 0.2844134259259259 0.55234375 0.3 0.5536458333333333 0.3097222222222222 0.5559895833333333 0.2967592592592593 0.5552083333333333 0.22777777777777777 0.5565104166666666 0.16527777777777777 0.55546875 0.1398148148148148 0.5567708333333333 0.12268518518518519 0.5557291666666666 0.09675925925925925 0.5565104166666666 0.08425925925925926 0.5552083333333333 0.07546296296296295 0.55703125 0.06759259259259259 0.5541666666666666 0.0611111111111111 0.5528645833333333 0.0625 0.5526041666666666 0.07824074074074074 0.5513020833333333 0.08842592592592592 0.5518229166666666 0.10833333333333332 0.5510416666666667 0.11574074074074074 0.5518229166666666 0.12962962962962962 0.55078125 0.15694444444444444
1 0.3786458333333333 0.22268518518518515 0.3786458333333333 0.25601851851851853 0.3809895833333333 0.29074074074074074 0.37994791666666666 0.34953703703703703 0.38307291666666665 0.4148148148148148 0.38359375 0.41620370370370374 0.3872395833333333 0.41620370370370374 0.3888020833333333 0.4101851851851851 0.3911458333333333 0.4078703703703703 0.38932291666666663 0.4027777777777778 0.3890625 0.39675925925925926 0.390625 0.39398148148148143 0.39401041666666664 0.21712962962962962 0.3942708333333333 0.07777777777777777 0.3921875 0.07407407407407407 0.3911458333333333 0.06435185185185185 0.39453125 0.04675925925925926 0.39401041666666664 0.014814814814814814 0.3927083333333333 0 0.38515625 0 0.38203125 0.017592592592592594 0.3809895833333333 0.043055555555555555 0.3807291666666667 0.1476851851851852 0.3786458333333333 0.22268518518518515
0 0.4630208333333333 0.39166666666666666 0.4643229166666666 0.3986111111111111 0.46328125 0.40138888888888885 0.4549479166666666 0.4078703703703703 0.4544270833333333 0.41157407407407404 0.4559895833333333 0.4171296296296296 0.4552083333333333 0.4226851851851851 0.45625 0.4263888888888888 0.4619791666666666 0.42824074074074076 0.46328125 0.43240740740740735 0.4651041666666666 0.4546296296296296 0.4669270833333333 0.4569444444444444 0.46796875 0.4541666666666666 0.4684895833333333 0.43240740740740735 0.4700520833333333 0.4296296296296296 0.4786458333333333 0.42777777777777776 0.4807291666666666 0.425 0.475 0.41759259259259257 0.475 0.41388888888888886 0.47734375 0.4106481481481481 0.478125 0.40694444444444444 0.4708333333333333 0.3763888888888889 0.4666666666666666 0.375 0.46328125 0.38055555555555554 0.4588541666666666 0.3833333333333333 0.45963541666666663 0.3902777777777778 0.4630208333333333 0.39166666666666666
0 0.3442708333333333 0.37916666666666665 0.33854166666666663 0.3833333333333333 0.3455729166666667 0.40092592592592585 0.3458333333333333 0.4078703703703703 0.34453125 0.412962962962963 0.3473958333333333 0.4296296296296296 0.3466145833333333 0.43888888888888883 0.34791666666666665 0.44861111111111107 0.3473958333333333 0.475462962962963 0.34635416666666663 0.4805555555555555 0.3466145833333333 0.49537037037037035 0.3473958333333333 0.499537037037037 0.34921875 0.5013888888888889 0.35026041666666663 0.4976851851851851 0.35026041666666663 0.4731481481481481 0.35234375 0.461574074074074 0.35260416666666666 0.4375 0.3536458333333333 0.4287037037037037 0.35651041666666666 0.4143518518518518 0.3638020833333333 0.39398148148148143 0.36197916666666663 0.3921296296296296 0.3611979166666667 0.3833333333333333 0.36796875 0.3699074074074074 0.3661458333333333 0.3638888888888889 0.36197916666666663 0.36203703703703705 0.36041666666666666 0.3569444444444444 0.3614583333333333 0.3333333333333333 0.3640625 0.324537037037037 0.36276041666666664 0.31851851851851853 0.36328125 0.3074074074074074 0.36171875 0.30046296296296293 0.35859375 0.3 0.3567708333333333 0.3083333333333333 0.353125 0.3138888888888889 0.35390625 0.324537037037037 0.3515625 0.3282407407407407 0.35 0.3379629629629629 0.3450520833333333 0.3393518518518518 0.34140625 0.337037037037037 0.340625 0.3384259259259259 0.3403645833333333 0.34907407407407404 0.3390625 0.3555555555555555 0.3442708333333333 0.3685185185185185 0.3442708333333333 0.37916666666666665
0 0.6322916666666666 0.4912037037037037 0.6348958333333333 0.5054398148148148 0.63515625 0.5180555555555555 0.63359375 0.5259259259259259 0.6354166666666666 0.537962962962963 0.6385416666666666 0.5476851851851852 0.6375 0.55 0.6390625 0.5564814814814815 0.6486979166666667 0.562962962962963 0.6520833333333333 0.5736111111111111 0.6513020833333333 0.5777777777777777 0.6528645833333333 0.5800925925925926 0.6549479166666666 0.5810185185185185 0.6578125 0.5791666666666666 0.6682291666666667 0.5648148148148148 0.6731770833333333 0.5606481481481481 0.6776041666666666 0.5537037037037036 0.6760416666666667 0.5467592592592593 0.6778645833333333 0.5416666666666666 0.6856770833333333 0.5430555555555555 0.6921875 0.5365740740740741 0.6973958333333333 0.5347222222222222 0.6989583333333333 0.5310185185185186 0.7033854166666667 0.5328703703703703 0.7036458333333333 0.5217592592592593 0.7015625 0.5134259259259258 0.7020833333333333 0.5083333333333333 0.7005208333333333 0.5069444444444444 0.6997395833333333 0.4875 0.69453125 0.4888888888888888 0.6893229166666666 0.4773148148148148 0.6963541666666666 0.4666666666666666 0.6963541666666666 0.46342592592592585 0.6942708333333333 0.4583333333333333 0.6921875 0.4569444444444444 0.69140625 0.44768518518518513 0.6924479166666666 0.4458333333333333 0.6760416666666667 0.3453703703703704 0.6768229166666666 0.32685185185185184 0.6744791666666666 0.3138888888888889 0.6716145833333333 0.31296296296296294 0.6697916666666666 0.3143518518518518 0.6614583333333333 0.3388888888888889 0.6598958333333333 0.34675925925925927 0.6583333333333333 0.34907407407407404 0.6596354166666666 0.3587962962962963 0.6578125 0.3625 0.6606770833333333 0.3638888888888889 0.66171875 0.3662037037037037 0.6604166666666667 0.37916666666666665 0.6611979166666666 0.3902777777777778 0.6596354166666666 0.39305555555555555 0.65859375 0.399537037037037 0.6596354166666666 0.4101851851851851 0.65703125 0.4208333333333333 0.6549479166666666 0.44907407407407407 0.6520833333333333 0.45185185185185184 0.6434895833333333 0.4527777777777778 0.6403645833333333 0.46342592592592585 0.63359375 0.46342592592592585 0.6341145833333333 0.4703703703703703 0.6322916666666666 0.4912037037037037
1 0.6091169270833333 0.1686421296296296 0.608946875 0.22546018518518518 0.6079270833333333 0.3025277777777778 0.6114971354166666 0.3034347222222222 0.6121770833333333 0.2508472222222222 0.61115703125 0.16592175925925925 0.61115703125 0.10759212962962963 0.6092869791666666 0.10729027777777778 0.6094570312500001 0.12451712962962962 0.6091169270833333 0.1686421296296296
1 0.5926268229166667 0.20883796296296295 0.5929666666666666 0.25296296296296295 0.5899067708333334 0.31129259259259257 0.5929666666666666 0.3125013888888889 0.5944968749999999 0.28469675925925925 0.5946669270833334 0.22213564814814815 0.5961968750000001 0.12058796296296297 0.5938169270833333 0.11968148148148147 0.59398671875 0.13872175925925925 0.5926268229166667 0.20883796296296295
1 0.5643229166666666 0.1259259259259259 0.5658854166666666 0.11157407407407408 0.5643229166666666 0.1074074074074074 0.5635416666666666 0.10972222222222221 0.5630208333333333 0.11666666666666665 0.5643229166666666 0.1259259259259259
1 0.5640625 0.16759259259259257 0.5674479166666666 0.16805555555555554 0.565625 0.16018518518518518 0.5658854166666666 0.14027777777777778 0.5674479166666666 0.13333333333333333 0.5643229166666666 0.12685185185185183 0.5630208333333333 0.13796296296296295 0.5638020833333333 0.1662037037037037 0.5640625 0.16759259259259257
1 0.5625 0.40555555555555556 0.5627604166666667 0.4185185185185185 0.5640625 0.4231481481481481 0.565625 0.4111111111111111 0.5653645833333333 0.3453703703703704 0.5643229166666666 0.34305555555555556 0.56328125 0.3453703703703704 0.5635416666666666 0.37870370370370365 0.5625 0.40555555555555556
1 0.5643229166666666 0.30648148148148147 0.5674479166666666 0.3069444444444444 0.5682291666666666 0.2722222222222222 0.5669270833333333 0.25277777777777777 0.5669270833333333 0.2333333333333333 0.5677083333333333 0.23055555555555554 0.56640625 0.21601851851851853 0.5666666666666667 0.18564814814814815 0.5653645833333333 0.18194444444444444 0.5658854166666666 0.17824074074074073 0.5643229166666666 0.17638888888888887 0.5630208333333333 0.18796296296296294 0.5635416666666666 0.3037037037037037 0.5643229166666666 0.30648148148148147
1 0.5135416666666666 0.09953703703703703 0.5145833333333333 0.1074074074074074 0.5135416666666666 0.13333333333333333 0.5145833333333333 0.15833333333333333 0.51328125 0.26157407407407407 0.5151041666666666 0.39398148148148143 0.5161458333333333 0.39675925925925926 0.51875 0.3902777777777778 0.5184895833333333 0.38611111111111107 0.5197916666666667 0.3837962962962963 0.5223958333333333 0.3662037037037037 0.5205729166666666 0.3638888888888889 0.5216145833333333 0.3592592592592593 0.5205729166666666 0.34907407407407404 0.52265625 0.3384259259259259 0.521875 0.3375 0.5223958333333333 0.3310185185185185 0.5216145833333333 0.33055555555555555 0.5200520833333333 0.028703703703703703 0.51875 0 0.51484375 0 0.5145833333333333 0.006481481481481481 0.51328125 0.07731481481481481 0.5135416666666666 0.09953703703703703
1 0.4963541666666666 0.035648148148148144 0.4932291666666666 0.1537037037037037 0.4919270833333333 0.16574074074074072 0.4924479166666666 0.25925925925925924 0.4934895833333333 0.2689814814814815 0.49296875 0.29027777777777775 0.4942708333333333 0.3013888888888889 0.49453125 0.31805555555555554 0.4981770833333333 0.3222222222222222 0.5015625 0.32361111111111107 0.50234375 0.3212962962962963 0.50234375 0.28888888888888886 0.5018229166666666 0.21990740740740738 0.50078125 0.2077162037037037 0.5026041666666666 0.16527777777777777 0.5018229166666666 0.1537037037037037 0.50234375 0.11944444444444444 0.5005208333333333 0.09953703703703703 0.50078125 0.03425925925925925 0.4989583333333333 0 0.4971354166666666 0 0.4966145833333333 0.008333333333333333 0.4971354166666666 0.03287037037037037 0.4963541666666666 0.035648148148148144
1 0.4559895833333333 0.1560185185185185 0.4567708333333333 0.21203703703703702 0.45546875 0.24351851851851852 0.4565104166666666 0.28379629629629627 0.4559895833333333 0.31481481481481477 0.4575520833333333 0.324537037037037 0.4565104166666666 0.3421296296296296 0.4583333333333333 0.3523148148148148 0.4583333333333333 0.36296296296296293 0.45963541666666663 0.3662037037037037 0.46354166666666663 0.36712962962962964 0.4651041666666666 0.3657407407407407 0.4653645833333333 0.36111111111111105 0.4677083333333333 0.3592592592592593 0.4677083333333333 0.11574074074074074 0.4627604166666666 0.11018518518518519 0.46171875 0.10555555555555556 0.4638020833333333 0.09907407407407406 0.4622395833333333 0.09490740740740741 0.465625 0.09166666666666666 0.4658854166666666 0.08842592592592592 0.4645833333333333 0.08611111111111111 0.4666666666666666 0.08148148148148147 0.46484375 0.07870370370370369 0.465625 0.07453703703703704 0.4627604166666666 0.062037037037037036 0.46354166666666663 0.05694444444444444 0.46328125 0.032407407407407406 0.4640625 0.029629629629629627 0.4630208333333333 0.01990740740740741 0.4638020833333333 0.01574074074074074 0.4627604166666666 0.005092592592592592 0.46354166666666663 0 0.4598958333333333 0 0.4572916666666666 0.02222222222222222 0.4533854166666666 0.1222222222222222 0.4541666666666666 0.14444444444444443 0.4559895833333333 0.1560185185185185
1 0.4778645833333333 0.21018518518518517 0.4776041666666666 0.21944444444444441 0.4760416666666666 0.22777777777777777 0.4760416666666666 0.3361111111111111 0.47734375 0.34907407407407404 0.4770833333333333 0.37037037037037035 0.4807291666666666 0.3763888888888889 0.48203125 0.3731481481481481 0.48125 0.3699074074074074 0.4817708333333333 0.36296296296296293 0.48515625 0.35648148148148145 0.4838541666666666 0.32314814814814813 0.4854166666666666 0.3143518518518518 0.4846354166666666 0.21203703703703702 0.4856770833333333 0.09768518518518518 0.4864583333333333 0.09074074074074073 0.48515625 0.07592592592592592 0.4856770833333333 0.02222222222222222 0.484375 0 0.4778645833333333 0 0.4763020833333333 0.04953703703703703 0.4768229166666666 0.20324074074074075 0.4778645833333333 0.21018518518518517
1 0.3122395833333333 0.4291666666666666 0.31744791666666666 0.4291666666666666 0.3184895833333333 0.4268518518518518 0.31953125 0.40694444444444444 0.3171875 0.3898148148148148 0.3171875 0.3818287037037037 0.3192708333333333 0.37037037037037035 0.3184895833333333 0.35262361111111107 0.31953125 0.32314814814814813 0.3184895833333333 0.3055555555555555 0.31979166666666664 0.2708333333333333 0.31953125 0.23287037037037037 0.32057291666666665 0.20046296296296293 0.32421875 0.1476851851851852 0.3231770833333333 0.13472222222222222 0.325 0.1125 0.32682291666666663 0.04722222222222222 0.3286458333333333 0.03657407407407407 0.3296875 0 0.3255208333333333 0 0.3239583333333333 0.015277777777777776 0.3223958333333333 0.0537037037037037 0.32057291666666665 0.06064814814814814 0.3203125 0.08703703703703704 0.31510416666666663 0.17777777777777776 0.3138020833333333 0.2287037037037037 0.3140625 0.27746898148148147 0.31119791666666663 0.3592592592592593 0.31015625 0.4259259259259259 0.3122395833333333 0.4291666666666666
1 0.6736716145833332 0.2920587962962963 0.6749059895833334 0.29381435185185184 0.6753997395833332 0.23127731481481478 0.6742888020833332 0.22908287037037037 0.6741653645833333 0.23412962962962963 0.6736716145833332 0.2920587962962963
1 0.6556656249999999 0.31521666666666665 0.6552148437499999 0.22719305555555555 0.654403125 0.22735370370370372 0.6537716145833333 0.31393379629629625 0.6556656249999999 0.31521666666666665
1 0.64646640625 0.3110476851851852 0.6457450520833333 0.23376712962962962 0.6451138020833334 0.2339273148148148 0.6454744791666667 0.3100856481481481 0.64646640625 0.3110476851851852
1 0.6153450520833333 0.3229314814814815 0.614775 0.25402129629629633 0.6136348958333333 0.2543592592592593 0.6139200520833332 0.3205666666666666 0.6153450520833333 0.3229314814814815
1 0.7144546875 0.3053023148148148 0.7144546875 0.22944490740740736 0.7130059895833334 0.22663518518518516 0.7123473958333333 0.30413148148148145 0.7144546875 0.3053023148148148
1 0.7309502604166667 0.43429120370370367 0.7323187499999999 0.31823703703703704 0.7304028645833333 0.3172634259259259 0.7290341145833332 0.43356111111111106 0.7309502604166667 0.43429120370370367
1 0.7460044270833334 0.4284518518518518 0.7453200520833333 0.321399537037037 0.7439515624999999 0.3218861111111111 0.7450463541666666 0.4269921296296296 0.7460044270833334 0.4284518518518518
1 0.8929526041666666 0.29949259259259253 0.8936812499999999 0.3422305555555555 0.8934989583333334 0.376874537037037 0.8925885416666667 0.42641249999999997 0.8951382812500001 0.4273837962962963 0.8958666666666666 0.3755796296296296 0.8960486979166667 0.3351078703703704 0.8955023437499999 0.2988449074074074 0.8945919270833332 0.22923287037037032 0.89222421875 0.22923287037037032 0.8929526041666666 0.25966805555555555 0.8929526041666666 0.29949259259259253
1 0.9191786458333333 0.2981972222222222 0.9208177083333332 0.3661902777777778 0.9226388020833334 0.3694277777777778 0.9228210937499999 0.3351078703703704 0.9209997395833334 0.22858564814814814 0.9191786458333333 0.22890925925925926 0.9193606770833332 0.24121296296296296 0.9191786458333333 0.2981972222222222
0 0.8903645833333332 0.5796296296296296 0.8950520833333332 0.5837962962962963 0.9044270833333332 0.586111111111111 0.9109375 0.5837962962962963 0.9169270833333332 0.5856481481481481 0.91953125 0.5935185185185186 0.9182291666666667 0.6 0.9005208333333332 0.611574074074074 0.8973958333333332 0.6157407407407407 0.8973958333333332 0.6194444444444444 0.9078125 0.6282407407407408 0.9114583333333333 0.6384259259259258 0.9153645833333333 0.6393518518518518 0.925 0.6351851851851851 0.9263020833333332 0.6305555555555555 0.9255208333333332 0.5930555555555556 0.928125 0.5828703703703704 0.9328125 0.5833333333333333 0.94296875 0.5902777777777778 0.9494791666666667 0.5888888888888888 0.953125 0.5819444444444444 0.9526041666666666 0.5777777777777777 0.9458333333333332 0.5740740740740741 0.9458333333333332 0.5666666666666667 0.95 0.5662037037037037 0.95234375 0.5634259259259259 0.9536458333333332 0.5583333333333333 0.9536458333333332 0.55 0.93984375 0.5435185185185185 0.9390625 0.5416666666666666 0.9354166666666666 0.5412037037037036 0.9325520833333332 0.5388888888888889 0.9309895833333333 0.5324074074074073 0.9325520833333332 0.5277777777777778 0.9390625 0.5273148148148148 0.94453125 0.5231481481481481 0.946875 0.5152777777777777 0.9494791666666667 0.5152777777777777 0.9528645833333332 0.5120370370370371 0.9466145833333333 0.4912037037037037 0.9408854166666666 0.48611111111111105 0.9375 0.47870370370370374 0.9244791666666666 0.46990740740740733 0.91796875 0.45879629629629626 0.91640625 0.46759259259259256 0.9182291666666667 0.48009259259259257 0.91640625 0.48703703703703705 0.91640625 0.4912037037037037 0.9190104166666666 0.49675925925925923 0.9140625 0.5199074074074074 0.9106770833333332 0.5231481481481481 0.9104166666666667 0.5333333333333333 0.9075520833333333 0.5430555555555555 0.909375 0.5527777777777778 0.9083333333333332 0.5569444444444444 0.90703125 0.561574074074074 0.9 0.5722222222222222 0.8893229166666666 0.5722222222222222 0.8890625 0.5754629629629628 0.8903645833333332 0.5796296296296296
0 0.4619791666666666 0.5851851851851851 0.47135416666666663 0.5958333333333333 0.4729166666666666 0.6097222222222223 0.4815104166666666 0.6097222222222223 0.4848958333333333 0.6023148148148147 0.4859375 0.5907407407407408 0.4854166666666666 0.5703703703703703 0.48203125 0.5555555555555556 0.47526041666666663 0.5462962962962963 0.47135416666666663 0.5444444444444444 0.4697916666666666 0.5449074074074074 0.46796875 0.55 0.4611979166666666 0.5541666666666666 0.4598958333333333 0.5592592592592592 0.4619791666666666 0.5851851851851851