1 0.23359375 0.47916666666666663 0.2458333333333333 0.4805555555555555 0.24791666666666665 0.47407407407407404 0.2518229166666667 0.4097222222222222 0.2674479166666667 0.2134259259259259 0.2653645833333333 0.2013888888888889 0.2671875 0.19027777777777777 0.2700520833333333 0.14675925925925926 0.27447916666666666 0.1199074074074074 0.2763020833333333 0.0824074074074074 0.27994791666666663 0.05740740740740741 0.28515625 0 0.27447916666666666 0 0.2716145833333333 0.018055555555555554 0.26588541666666665 0.06666666666666667 0.2661458333333333 0.07175925925925926 0.26484375 0.07731481481481481 0.2630208333333333 0.10277777777777777 0.2583333333333333 0.1287037037037037 0.2575520833333333 0.14907407407407408 0.2528645833333333 0.1824074074074074 0.2450520833333333 0.262037037037037 0.24479166666666666 0.274537037037037 0.24322916666666666 0.28194444444444444 0.2302083333333333 0.4351851851851851 0.22994791666666664 0.475462962962963 0.23359375 0.47916666666666663
1 0.31796875 0.45046296296296295 0.31875 0.4527777777777778 0.32135416666666666 0.4541666666666666 0.32760416666666664 0.44907407407407407 0.3286458333333333 0.41944444444444445 0.3317708333333333 0.41157407407407404 0.3309895833333333 0.4064814814814815 0.33359375 0.38425925925925924 0.3388020833333333 0.2912037037037037 0.3377604166666667 0.2773148148148148 0.33854166666666663 0.2574074074074074 0.3450520833333333 0.175 0.34479166666666666 0.15694444444444444 0.34713541666666664 0.137037037037037 0.35234375 0.06018518518518519 0.35572916666666665 0.03611111111111111 0.35651041666666666 0 0.35026041666666663 0 0.34765625 0.01944444444444444 0.346875 0.04027777777777777 0.3442708333333333 0.06018518518518519 0.33515625 0.17083333333333334 0.33541666666666664 0.18981481481481483 0.3341145833333333 0.21064814814814814 0.3302083333333333 0.24212962962962964 0.3270833333333333 0.30046296296296293 0.3216145833333333 0.3657407407407407 0.3192708333333333 0.4101851851851851 0.32057291666666665 0.41990740740740734 0.31796875 0.45046296296296295
1 0.39010416666666664 0.4351851851851851 0.39401041666666664 0.4375 0.39609375 0.4356481481481481 0.403125 0.32407407407407407 0.4026041666666666 0.31620370370370365 0.4065104166666666 0.2324074074074074 0.4067708333333333 0.20833333333333331 0.4078125 0.20370370370370366 0.4072916666666666 0.19050925925925927 0.4091145833333333 0.17546296296296296 0.4080729166666666 0.1638888888888889 0.4091145833333333 0.15879629629629627 0.4151041666666666 0.05740740740740741 0.4169270833333333 0 0.4130208333333333 0 0.4096354166666666 0.02824074074074074 0.4098958333333333 0.05138888888888889 0.4075520833333333 0.07083333333333333 0.3924479166666667 0.35416666666666663 0.39322916666666663 0.3648148148148148 0.3919270833333333 0.3958333333333333 0.3911458333333333 0.40509259259259256 0.38984375 0.4078703703703703 0.38932291666666663 0.4217592592592593 0.39010416666666664 0.4351851851851851
1 0.9291666666666666 0.02222222222222222 0.9377604166666667 0.20324074074074075 0.9401041666666666 0.21620370370370368 0.940625 0.2310185185185185 0.93984375 0.23425925925925925 0.9416666666666667 0.25277777777777777 0.940625 0.31111111111111106 0.9424479166666666 0.32314814814814813 0.9424479166666666 0.3384259259259259 0.9411458333333332 0.35138888888888886 0.9424479166666666 0.38009259259259254 0.9408854166666666 0.38564814814814813 0.9411458333333332 0.4083333333333333 0.93828125 0.4537037037037037 0.9408854166666666 0.46990740740740733 0.93984375 0.47407407407407404 0.9408854166666666 0.47638888888888886 0.9411458333333332 0.4842592592592593 0.94375 0.487962962962963 0.9432291666666666 0.4912037037037037 0.940625 0.49444444444444435 0.9393229166666666 0.5027777777777778 0.9388020833333333 0.5120370370370371 0.9395833333333332 0.5162037037037036 0.9377604166666667 0.524074074074074 0.9375 0.5407407407407407 0.9401041666666666 0.5467592592592593 0.95 0.5513888888888888 0.9526041666666666 0.5472222222222223 0.9520833333333332 0.5277777777777778 0.9528645833333332 0.5231481481481481 0.9559895833333332 0.5222222222222223 0.9546875 0.5152777777777777 0.95546875 0.5083333333333333 0.95390625 0.49675925925925923 0.9541666666666666 0.48240740740740734 0.9567708333333332 0.4805555555555555 0.95546875 0.47916666666666663 0.9575520833333332 0.4703703703703703 0.95390625 0.45879629629629626 0.95546875 0.4569444444444444 0.9565104166666666 0.4412037037037037 0.95546875 0.4078703703703703 0.95546875 0.2685185185185185 0.95390625 0.24222222222222226 0.9541666666666666 0.22546296296296292 0.9513020833333332 0.18287037037037035 0.9515625 0.14398148148148146 0.946875 0.09953703703703703 0.9395833333333332 0 0.9263020833333332 0 0.9255208333333332 0.005092592592592592 0.9291666666666666 0.02222222222222222
1 0.08020833333333333 0.399537037037037 0.08489583333333332 0.40138888888888885 0.08958333333333332 0.3907407407407407 0.09114583333333333 0.37870370370370365 0.0890625 0.37407407407407406 0.09609375 0.34907407407407404 0.09895833333333333 0.2583333333333333 0.1015625 0.23148148148148148 0.10104166666666665 0.21527777777777776 0.10208333333333333 0.19907407407407407 0.10364583333333333 0.18935185185185183 0.10703125 0.14166666666666666 0.11197916666666666 0.10185185185185183 0.11458333333333333 0.08888888888888888 0.121875 0.027314814814814813 0.12552083333333333 0.007407407407407407 0.12552083333333333 0 0.11432291666666665 0 0.10885416666666665 0.032407407407407406 0.09505208333333333 0.14074074074074075 0.08854166666666666 0.20231481481481478 0.08828125 0.21527777777777776 0.08515625 0.24953703703703703 0.0796875 0.29259259259259257 0.07994791666666666 0.2967592592592593 0.07473958333333333 0.3277777777777778 0.075 0.3384259259259259 0.07317708333333332 0.3486111111111111 0.0734375 0.3907407407407407 0.08020833333333333 0.399537037037037
1 0.3989583333333333 0.42824074074074076 0.4005208333333333 0.43240740740740735 0.40104166666666663 0.4333333333333333 0.4078125 0.42824074074074076 0.4096354166666666 0.4148148148148148 0.40885416666666663 0.4111111111111111 0.4096354166666666 0.3851851851851852 0.4119791666666666 0.3731481481481481 0.4119791666666666 0.3587962962962963 0.4106770833333333 0.35648148148148145 0.4106770833333333 0.34814814814814815 0.41171875 0.3458333333333333 0.4114583333333333 0.34074074074074073 0.4184895833333333 0.28379629629629627 0.41875 0.2685185185185185 0.42057291666666663 0.2513888888888889 0.4200520833333333 0.24351851851851852 0.4221354166666666 0.2263888888888889 0.4270833333333333 0.15740740740740738 0.4286458333333333 0.15416666666666665 0.428125 0.15046296296296297 0.4299479166666666 0.12175925925925926 0.4341145833333333 0.08657407407407407 0.4341145833333333 0.07638888888888888 0.4354166666666666 0.07129629629629629 0.4369791666666666 0.05 0.4359375 0.04861111111111111 0.4338541666666666 0.04953703703703703 0.43203125 0.05694444444444444 0.4302083333333333 0.08148148148148147 0.4278645833333333 0.08981481481481482 0.4276041666666666 0.10648148148148147 0.42578125 0.11574074074074074 0.39921875 0.41157407407407404 0.3997395833333333 0.4222222222222222 0.3989583333333333 0.42824074074074076
1 0.6854166666666666 0.015277777777777776 0.6864583333333333 0.041666666666666664 0.6859375 0.10478379629629628 0.6846354166666666 0.11805555555555555 0.6841145833333333 0.1699074074074074 0.6817708333333333 0.2263888888888889 0.6822916666666666 0.24907407407407406 0.6802083333333333 0.29722222222222217 0.68046875 0.31805555555555554 0.6783854166666666 0.3273148148148148 0.6770833333333333 0.3416666666666667 0.6755208333333333 0.39120370370370366 0.6747395833333333 0.3935185185185185 0.6752604166666666 0.40694444444444444 0.6736979166666666 0.4296296296296296 0.675 0.43981481481481477 0.6723958333333333 0.4532407407407407 0.6723958333333333 0.46388888888888885 0.66953125 0.4898148148148148 0.6697916666666666 0.49490740740740735 0.6716145833333333 0.4981481481481481 0.675 0.5 0.6794270833333333 0.499537037037037 0.6822916666666666 0.49444444444444435 0.6817708333333333 0.4726851851851851 0.6828125 0.46990740740740733 0.684375 0.4305555555555555 0.6859375 0.425462962962963 0.68515625 0.4060185185185185 0.6864583333333333 0.40092592592592585 0.6875 0.3699074074074074 0.6869791666666666 0.35509259259259257 0.6888020833333333 0.33425925925925926 0.6927083333333333 0.32407407407407407 0.69296875 0.31851851851851853 0.6919270833333333 0.26157407407407407 0.6940104166666666 0.2287037037037037 0.6924479166666666 0.2189814814814815 0.6927083333333333 0.19907407407407407 0.69453125 0.11944444444444444 0.6958333333333333 0.11342592592592593 0.6963541666666666 0.09537037037037036 0.6958333333333333 0.07083333333333333 0.69765625 0.05740740740740741 0.6981770833333333 0.043055555555555555 0.6953125 0 0.6854166666666666 0 0.6864583333333333 0.0125 0.6854166666666666 0.015277777777777776
1 0.28984375 0.4185185185185185 0.29322916666666665 0.412962962962963 0.29453125 0.39768518518518514 0.29635416666666664 0.3194444444444444 0.2973958333333333 0.3138888888888889 0.2986979166666667 0.2310185185185185 0.30182291666666666 0.17175925925925925 0.3052083333333333 0.12314814814814815 0.3098958333333333 0.07824074074074074 0.31015625 0.052314814814814814 0.3145833333333333 0 0.3098958333333333 0 0.3044270833333333 0.03611111111111111 0.30416666666666664 0.0611111111111111 0.30078125 0.09861111111111111 0.30104166666666665 0.10694444444444444 0.2984375 0.12638888888888888 0.2947916666666667 0.1949074074074074 0.2919270833333333 0.22962962962962963 0.28828125 0.35462962962962963 0.2872395833333333 0.4083333333333333 0.28984375 0.4185185185185185
1 0.4705729166666666 0.030092592592592594 0.4692708333333333 0.06435185185185185 0.47421875 0.0699074074074074 0.475 0.07314814814814814 0.4778645833333333 0.07453703703703704 0.4770833333333333 0.07777777777777777 0.4841145833333333 0.1472222222222222 0.4890625 0.15046296296296297 0.4880208333333333 0.15833333333333333 0.4859375 0.1611111111111111 0.48697916666666663 0.1625 0.4861979166666666 0.17546296296296296 0.4877604166666666 0.17962962962962964 0.4861979166666666 0.1884259259259259 0.48697916666666663 0.19212962962962962 0.48515625 0.2013888888888889 0.4856770833333333 0.20694444444444443 0.4846354166666666 0.20972222222222223 0.4846354166666666 0.21712962962962962 0.4856770833333333 0.2208333333333333 0.484375 0.24259259259259255 0.48046875 0.26805555555555555 0.4815104166666666 0.27314814814814814 0.4807291666666666 0.28055555555555556 0.47734375 0.3 0.4783854166666666 0.31805555555555554 0.47734375 0.3208333333333333 0.4770833333333333 0.33194444444444443 0.4734375 0.3449074074074074 0.4729166666666666 0.3518518518518518 0.47916666666666663 0.3587962962962963 0.47890625 0.3662037037037037 0.4770833333333333 0.3694444444444444 0.47890625 0.37407407407407406 0.478125 0.3763888888888889 0.4783854166666666 0.3875 0.47734375 0.3902777777777778 0.4776041666666666 0.4027777777777778 0.47578125 0.4078703703703703 0.47578125 0.41157407407407404 0.478125 0.4180555555555555 0.4783854166666666 0.425 0.4768229166666666 0.4310185185185185 0.4736979166666666 0.4356481481481481 0.4736979166666666 0.44305555555555554 0.4796875 0.4560185185185185 0.48046875 0.46388888888888885 0.484375 0.4652777777777778 0.4864583333333333 0.46342592592592585 0.49088541666666663 0.45046296296296295 0.4950520833333333 0.45138888888888884 0.49609375 0.449537037037037 0.49296875 0.44768518518518513 0.49296875 0.4296296296296296 0.4942708333333333 0.4287037037037037 0.4950520833333333 0.4226851851851851 0.4953125 0.4078703703703703 0.4942708333333333 0.40324074074074073 0.4963541666666666 0.40092592592592585 0.4963541666666666 0.37777777777777777 0.4979166666666666 0.37546296296296294 0.4989583333333333 0.3699074074074074 0.4997395833333333 0.34814814814814815 0.49765625 0.3388888888888889 0.4981770833333333 0.3347222222222222 0.49609375 0.3273148148148148 0.4981770833333333 0.3138888888888889 0.4966145833333333 0.31157407407407406 0.4966145833333333 0.30277777777777776 0.4942708333333333 0.29212962962962963 0.4953125 0.2754629629629629 0.49479166666666663 0.2689814814814815 0.49296875 0.26620370370370366 0.49375 0.262037037037037 0.4921875 0.25555555555555554 0.4919270833333333 0.2439814814814815 0.4942708333333333 0.2273148148148148 0.49375 0.22546296296296292 0.4966145833333333 0.19629629629629627 0.4958333333333333 0.1759259259259259 0.496875 0.16759259259259257 0.4958333333333333 0.16157407407407406 0.49765625 0.13379629629629627 0.5013020833333333 0.125 0.5065104166666666 0.1199074074074074 0.50625 0.11759259259259258 0.5046875 0.11712962962962963 0.5065104166666666 0.11018518518518519 0.5098958333333333 0.10972222222222221 0.5125 0.10601851851851851 0.5122395833333333 0.09814814814814814 0.5026041666666666 0.062037037037037036 0.5041666666666667 0.0537037037037037 0.5072916666666666 0.050925925925925916 0.50703125 0.045370370370370366 0.5080729166666667 0.04212962962962963 0.5109375 0.038425925925925926 0.5153645833333333 0.03611111111111111 0.5182291666666666 0.031018518518518518 0.525 0.02685185185185185 0.5333333333333333 0.011574074074074073 0.528125 0 0.4697916666666666 0 0.46640625 0.005555555555555555 0.4658854166666666 0.014351851851851852 0.4705729166666666 0.030092592592592594
1 0.5598958333333333 0.09413564814814815 0.5442708333333333 0.47530879629629624 0.5529513020833333 0.5 0.55555546875 0.38580231481481475 0.5625 0.23302453703703704 0.5668403645833333 0.15432083333333332 0.5668403645833333 0 0.5581596354166667 0.003086574074074074 0.5598958333333333 0.09413564814814815
1 0.5373263020833333 0.46296296296296297 0.5460070312499999 0.4891976851851851 0.5486111979166666 0.3364199074074074 0.5546875 0.20524675925925928 0.5572916666666666 0.0864199074074074 0.5616320312499999 0.007716203703703704 0.5529513020833333 0 0.5512153645833333 0.12345694444444441 0.5373263020833333 0.46296296296296297
1 0.1640625 0.41944444444444445 0.16432291666666665 0.4310185185185185 0.16848958333333333 0.43472222222222223 0.17213541666666665 0.4263888888888888 0.17421875 0.39305555555555555 0.18072916666666666 0.3416666666666667 0.18020833333333333 0.3273148148148148 0.18151041666666665 0.30324074074074076 0.184375 0.2828703703703704 0.18489583333333331 0.2652777777777778 0.1859375 0.262037037037037 0.1859375 0.2439814814814815 0.18854166666666666 0.2310185185185185 0.19166666666666665 0.19537037037037036 0.1953125 0.17453703703703702 0.19765625 0.14814814814814814 0.2114583333333333 0.05787037037037037 0.21354166666666666 0.020833333333333332 0.21588541666666666 0.008796296296296297 0.21510416666666665 0 0.21119791666666665 0 0.2091145833333333 0.00787037037037037 0.20885416666666665 0.017592592592592594 0.2052083333333333 0.033796296296296297 0.19765625 0.08842592592592592 0.19479166666666664 0.12361111111111109 0.19166666666666665 0.13657407407407407 0.18411458333333333 0.21018518518518517 0.17786458333333333 0.24814814814814815 0.1765625 0.2828703703703704 0.175 0.2875 0.175 0.2935185185185185 0.16953125 0.324537037037037 0.17109375 0.3379629629629629 0.17057291666666666 0.34953703703703703 0.16953125 0.36018518518518516 0.16770833333333332 0.3662037037037037 0.1671875 0.38009259259259254 0.16484375 0.399537037037037 0.16536458333333331 0.40925925925925927 0.1640625 0.41944444444444445
1 0 0.29907407407407405 0.0015625 0.29907407407407405 0.0046875 0.2462962962962963 0.0078125 0.21388888888888888 0.007291666666666666 0.20462962962962963 0.024479166666666666 0 0 0 0 0.29907407407407405
1 0.3634091145833333 0.11377175925925927 0.3618854166666667 0.13070185185185185 0.35959973958333336 0.1591449074074074 0.3588380208333334 0.18284722222222222 0.3561713541666667 0.20993564814814816 0.3531239583333333 0.26004953703703704 0.3493145833333333 0.31625833333333336 0.34779088541666664 0.359599537037037 0.34169583333333337 0.40700462962962963 0.3523619791666667 0.41242222222222213 0.35350494791666665 0.3812703703703703 0.3542666666666666 0.3277708333333333 0.3583841145833333 0.2862736111111111 0.3605528645833333 0.2583208333333333 0.3713966145833333 0.17446296296296293 0.37356536458333334 0.15422129629629627 0.37573411458333333 0.08096620370370369 0.36489036458333335 0.08000231481481482 0.3645518229166666 0.09480972222222221 0.3634091145833333 0.11377175925925927
1 0.7651041666666666 0.05 0.7666666666666666 0.06712962962962962 0.7653645833333333 0.09166666666666666 0.7669270833333333 0.09907407407407406 0.7661458333333333 0.11527777777777777 0.7669270833333333 0.12515416666666668 0.76640625 0.1388888888888889 0.76484375 0.1472222222222222 0.7658854166666667 0.15416666666666665 0.7661458333333333 0.22777777777777777 0.7627604166666666 0.2574074074074074 0.7645833333333333 0.26435185185185184 0.76484375 0.2810185185185185 0.7638020833333333 0.2953703703703704 0.7643229166666666 0.3125 0.7622395833333333 0.33009259259259255 0.7619791666666667 0.34953703703703703 0.7643229166666666 0.35648148148148145 0.7630208333333333 0.3625 0.7640625 0.3662037037037037 0.7666666666666666 0.36898148148148147 0.7671875 0.3731481481481481 0.76875 0.37546296296296294 0.7736979166666667 0.3759259259259259 0.77578125 0.3833333333333333 0.7763020833333333 0.35509259259259257 0.77421875 0.3518518518518518 0.7763020833333333 0.3486111111111111 0.7763020833333333 0.3416666666666667 0.7723958333333333 0.337037037037037 0.7734375 0.31620370370370365 0.7713541666666666 0.2949074074074074 0.77265625 0.2773148148148148 0.7721354166666666 0.2513888888888889 0.7731770833333333 0.24259259259259255 0.7723958333333333 0.2375 0.7731770833333333 0.2189814814814815 0.77109375 0.17731481481481481 0.7723958333333333 0.15787037037037038 0.77265625 0.11527777777777777 0.7705729166666666 0 0.7653645833333333 0 0.7643229166666666 0.018518518518518517 0.7658854166666667 0.03888888888888888 0.7651041666666666 0.05
1 0.8247395833333332 0.0018518518518518517 0.8263020833333332 0.02638888888888889 0.8255208333333333 0.03148148148148148 0.8278645833333332 0.05601851851851851 0.82734375 0.06064814814814814 0.83046875 0.07731481481481481 0.8299479166666666 0.09212962962962963 0.8322916666666667 0.11728379629629629 0.83203125 0.12407407407407407 0.8299479166666666 0.13379629629629627 0.8315104166666666 0.14537037037037037 0.8333333333333333 0.3782407407407407 0.83359375 0.38055555555555554 0.8361979166666667 0.3833333333333333 0.83828125 0.39166666666666666 0.8403645833333332 0.387037037037037 0.8388020833333332 0.37962962962962965 0.8408854166666666 0.3731481481481481 0.8395833333333332 0.3680555555555555 0.8395833333333332 0.3416666666666667 0.8416666666666666 0.33148148148148143 0.840625 0.3273148148148148 0.8401041666666667 0.3023148148148148 0.8421875 0.24074074074074076 0.8403645833333332 0.21990740740740738 0.8388020833333332 0.12962962962962962 0.8369791666666666 0.11805555555555555 0.8388020833333332 0.10416666666666666 0.8359375 0.075 0.83515625 0.025 0.8325520833333332 0.012037037037037037 0.8315104166666666 0 0.8247395833333332 0 0.8247395833333332 0.0018518518518518517
1 0.5815104166666666 0.3708333333333333 0.5817708333333333 0.3768518518518518 0.5828125 0.37916666666666665 0.58203125 0.3833333333333333 0.5841145833333333 0.38796296296296295 0.5833333333333333 0.3907407407407407 0.5841145833333333 0.40740740740740733 0.58203125 0.4111111111111111 0.5822916666666667 0.41574074074074074 0.5799479166666666 0.425 0.5809895833333333 0.4444444444444445 0.5791666666666666 0.4564814814814815 0.5802083333333333 0.4773148148148148 0.5815104166666666 0.4814814814814815 0.5830729166666666 0.4814814814814815 0.58828125 0.47916666666666663 0.5888020833333333 0.4726851851851851 0.59140625 0.46342592592592585 0.5916666666666666 0.4458333333333333 0.5932291666666666 0.44305555555555554 0.5932291666666666 0.4296296296296296 0.5947916666666666 0.4185185185185185 0.5940104166666667 0.41527777777777775 0.59453125 0.4111111111111111 0.5927083333333333 0.40555555555555556 0.5958333333333333 0.39768518518518514 0.60390625 0 0.5979166666666667 0 0.5971354166666666 0.06018518518518519 0.5958333333333333 0.0736111111111111 0.5955729166666666 0.09583333333333333 0.5932291666666666 0.11574074074074074 0.59375 0.1375 0.58515625 0.2962962962962963 0.5854166666666666 0.33287037037037037 0.5815104166666666 0.3555555555555555 0.5828125 0.36157407407407405 0.5815104166666666 0.3708333333333333
1 0.6645833333333333 0.10972222222222221 0.6638020833333333 0.11203703703703702 0.6645833333333333 0.12638888888888888 0.6658854166666666 0.1300925925925926 0.6661458333333333 0.15046296296296297 0.6643229166666667 0.16759259259259257 0.6609375 0.2722222222222222 0.6591145833333333 0.2847222222222222 0.65859375 0.3125 0.65625 0.35138888888888886 0.6575520833333333 0.3731481481481481 0.65703125 0.38425925925925924 0.6598958333333333 0.387037037037037 0.6609375 0.399074074074074 0.6591145833333333 0.40324074074074073 0.65625 0.4041666666666666 0.6604166666666667 0.40925925925925927 0.6604166666666667 0.412962962962963 0.6591145833333333 0.41620370370370374 0.6609375 0.41944444444444445 0.6598958333333333 0.4217592592592593 0.6622395833333333 0.425 0.6614583333333333 0.4287037037037037 0.6625 0.4296296296296296 0.6598958333333333 0.4462962962962963 0.6578125 0.44675925925925924 0.6604166666666667 0.4703703703703703 0.6625 0.47175925925925927 0.66484375 0.4810185185185185 0.6682291666666667 0.48009259259259257 0.6692708333333333 0.47777777777777775 0.67265625 0.37361111111111106 0.6716145833333333 0.3643518518518518 0.6731770833333333 0.3532407407407407 0.6721354166666667 0.3412037037037037 0.6721354166666667 0.32037037037037036 0.6731770833333333 0.31712962962962965 0.6721354166666667 0.30925925925925923 0.6731770833333333 0.3018518518518518 0.6723958333333333 0.25925925925925924 0.6736979166666666 0.2444444444444444 0.67265625 0.2260800925925926 0.6739583333333333 0.12638888888888888 0.6723958333333333 0 0.6666666666666666 0 0.6661458333333333 0.008333333333333333 0.6666666666666666 0.037037037037037035 0.6645833333333333 0.10972222222222221
1 0.7033854166666667 0.33148148148148143 0.70703125 0.337037037037037 0.70859375 0.34768518518518515 0.71328125 0.3486111111111111 0.715625 0.31759259259259254 0.7153645833333333 0.24537037037037038 0.71640625 0.23148148148148148 0.7177083333333333 0.2263888888888889 0.7158854166666666 0.21759259259259256 0.7166666666666666 0.20925925925925926 0.71484375 0.18703703703703703 0.7161458333333333 0.18287037037037035 0.7161458333333333 0.17453703703703702 0.7145833333333333 0.15416666666666665 0.7130208333333333 0.14027777777777778 0.7106770833333333 0.137037037037037 0.7098958333333333 0.137037037037037 0.7075520833333333 0.15787037037037038 0.7096354166666666 0.1759259259259259 0.7088541666666666 0.18009259259259258 0.7065104166666666 0.18194444444444444 0.7046875 0.3259259259259259 0.7033854166666667 0.33148148148148143
0 0.7166666666666666 0.610648148148148 0.7268229166666667 0.6263888888888889 0.73515625 0.6324074074074073 0.7385416666666667 0.6412037037037036 0.7479166666666666 0.6439814814814815 0.7518229166666666 0.6421296296296296 0.759375 0.6435185185185185 0.7604166666666666 0.6462962962962963 0.7598958333333333 0.6509259259259259 0.7614583333333333 0.6611111111111111 0.7640625 0.6680555555555555 0.7653645833333333 0.6819444444444444 0.77578125 0.6930555555555555 0.7791666666666666 0.687037037037037 0.7859375 0.6893518518518518 0.7932291666666667 0.6944444444444444 0.7958333333333333 0.7097222222222221 0.7986979166666666 0.7138888888888888 0.8 0.7208333333333333 0.8028645833333332 0.7263888888888889 0.8067708333333332 0.7287037037037036 0.81015625 0.7268518518518519 0.8125 0.7171296296296296 0.8151041666666666 0.7143518518518518 0.8213541666666666 0.7143518518518518 0.8283854166666667 0.7175925925925926 0.8361979166666667 0.7101851851851851 0.8348958333333332 0.7064814814814814 0.8325520833333332 0.7064814814814814 0.8291666666666666 0.7018518518518518 0.8276041666666666 0.6944444444444444 0.8213541666666666 0.6893518518518518 0.8184895833333332 0.6819444444444444 0.8143229166666666 0.6819444444444444 0.8125 0.6800925925925926 0.8114583333333332 0.674537037037037 0.8059895833333333 0.6712962962962963 0.8036458333333332 0.6652777777777777 0.8052083333333332 0.6587962962962963 0.8114583333333332 0.6550925925925926 0.81796875 0.6444444444444444 0.8182291666666666 0.6370370370370371 0.8200520833333332 0.6319444444444444 0.8294270833333333 0.6263888888888889 0.8309895833333332 0.6231481481481481 0.8315104166666666 0.6162037037037036 0.8278645833333332 0.5879629629629629 0.8309895833333332 0.5671296296296295 0.8276041666666666 0.5648148148148148 0.8239583333333332 0.5587962962962962 0.8213541666666666 0.5569444444444444 0.8177083333333333 0.5587962962962962 0.777734375 0.5527777777777778 0.7744791666666666 0.55 0.7723958333333333 0.5365740740740741 0.7653645833333333 0.5337962962962963 0.7635416666666666 0.5361111111111111 0.7604166666666666 0.5453703703703703 0.7536458333333333 0.55 0.75546875 0.5625 0.7497395833333333 0.5782407407407407 0.7494791666666666 0.5819444444444444 0.74765625 0.5847222222222223 0.74609375 0.6009259259259259 0.74453125 0.6041666666666666 0.740625 0.6064814814814815 0.7302083333333333 0.6004629629629629 0.7169270833333333 0.586111111111111 0.7145833333333333 0.5888888888888888 0.71328125 0.5944444444444443 0.7130208333333333 0.6023148148148147 0.7166666666666666 0.610648148148148
1 0.05026041666666666 0.3398148148148148 0.05208333333333333 0.33194444444444443 0.05260416666666666 0.3101851851851852 0.0546875 0.3 0.05546875 0.262037037037037 0.056770833333333326 0.25509259259259254 0.05755208333333332 0.2310185185185185 0.058854166666666666 0.22407407407407404 0.05859375 0.21203703703703702 0.06276041666666667 0.17546296296296296 0.06354166666666666 0.14953703703703702 0.07682291666666666 0.03888888888888888 0.07994791666666666 0.01990740740740741 0.084375 0.005092592592592592 0.08333333333333333 0 0.07291666666666666 0 0.0734375 0.00787037037037037 0.0765625 0.011574074074074073 0.07604166666666666 0.01898148148148148 0.07421875 0.024074074074074074 0.07239583333333333 0.03611111111111111 0.071875 0.04722222222222222 0.06744791666666666 0.07546296296296295 0.06484375 0.10138888888888889 0.059375 0.13287037037037036 0.05260416666666666 0.20324074074074075 0.05182291666666666 0.23425925925925925 0.05 0.2439814814814815 0.04869791666666666 0.2648148148148148 0.0484375 0.2967592592592593 0.04635416666666666 0.30648148148148147 0.045572916666666664 0.3347222222222222 0.05026041666666666 0.3398148148148148
1 0.13359375 0.24814814814814815 0.13359375 0.262037037037037 0.140625 0.2601851851851852 0.14244791666666665 0.25231481481481477 0.14401041666666664 0.2513888888888889 0.13984375 0.24675925925925926 0.13802083333333331 0.2509259259259259 0.13359375 0.24814814814814815
1 0.13359375 0.22962962962962963 0.13333333333333333 0.2347222222222222 0.14401041666666664 0.2458333333333333 0.14583333333333331 0.21574074074074073 0.14739583333333334 0.2134259259259259 0.165625 0.008333333333333333 0.16145833333333331 0.004629629629629629 0.1578125 0.029166666666666664 0.15859375 0.03333333333333333 0.15729166666666666 0.0375 0.15703125 0.04675925925925926 0.15078125 0.09074074074074073 0.14921875 0.11574074074074074 0.14739583333333334 0.1222222222222222 0.13854166666666665 0.17777777777777776 0.13567708333333334 0.22777777777777777 0.13359375 0.22962962962962963
1 0.029427083333333333 0.2439814814814815 0.029427083333333333 0.2509259259259259 0.0328125 0.2611111111111111 0.034375 0.25555555555555554 0.033854166666666664 0.2439814814814815 0.03671875 0.23194444444444443 0.037760416666666664 0.20462962962962963 0.03645833333333333 0.20046296296296293 0.03229166666666666 0.21944444444444441 0.03229166666666666 0.23009259259259257 0.029427083333333333 0.2439814814814815
1 0.011197916666666665 0.23148148148148148 0.012239583333333333 0.2347222222222222 0.01536458333333333 0.2361111111111111 0.01640625 0.22314814814814815 0.01536458333333333 0.21990740740740738 0.014583333333333332 0.22129629629629627 0.013802083333333331 0.2263888888888889 0.011197916666666665 0.23148148148148148
1 0.01536458333333333 0.21296296296296294 0.01796875 0.20277777777777778 0.01796875 0.1912037037037037 0.01953125 0.1837962962962963 0.0203125 0.17175925925925925 0.020833333333333332 0.14398148148148146 0.02265625 0.1375 0.02317708333333333 0.1125 0.024479166666666666 0.10046296296296295 0.024479166666666666 0.09583333333333333 0.02265625 0.09305555555555554 0.02109375 0.09768518518518518 0.019791666666666666 0.12268518518518519 0.017708333333333333 0.13518518518518519 0.01614583333333333 0.17824074074074073 0.0140625 0.18935185185185183 0.013541666666666665 0.20462962962962963 0.01536458333333333 0.21296296296296294
1 0.2 0.4291666666666666 0.2020833333333333 0.4337962962962963 0.20651041666666664 0.43657407407407406 0.20572916666666666 0.43240740740740735 0.2075520833333333 0.4171296296296296 0.2091145833333333 0.41527777777777775 0.21354166666666666 0.41574074074074074 0.215625 0.4078703703703703 0.21744791666666666 0.3583333333333333 0.21901041666666665 0.3555555555555555 0.215625 0.33425925925925926 0.21796875 0.3208333333333333 0.22057291666666665 0.3138888888888889 0.21822916666666664 0.3074074074074074 0.2177083333333333 0.29953703703703705 0.21953125 0.28657407407407404 0.21953125 0.274537037037037 0.221875 0.25555555555555554 0.221875 0.2458333333333333 0.234375 0.1300925925925926 0.2450520833333333 0.06435185185185185 0.246875 0.045370370370370366 0.24947916666666664 0.03657407407407407 0.2489583333333333 0.025462962962962958 0.25026041666666665 0.018518518518518517 0.2513020833333333 0 0.24453125 0 0.24401041666666665 0.00787037037037037 0.24088541666666666 0.02222222222222222 0.24088541666666666 0.03148148148148148 0.2390625 0.043981481481481476 0.23515625 0.06018518518518519 0.23515625 0.06666666666666667 0.23203125 0.07175925925925926 0.2325520833333333 0.08055555555555555 0.2231770833333333 0.12824074074074074 0.2255208333333333 0.137037037037037 0.22578125 0.14444444444444443 0.22291666666666665 0.1597222222222222 0.2231770833333333 0.16666666666666666 0.22057291666666665 0.1884259259259259 0.21744791666666666 0.19907407407407407 0.21354166666666666 0.23194444444444443 0.21015625 0.2439814814814815 0.20104166666666665 0.3953703703703703 0.2013020833333333 0.412962962962963 0.2 0.4291666666666666
1 0.3052083333333333 0.2884259259259259 0.30729166666666663 0.31620370370370365 0.3104166666666667 0.2861111111111111 0.30963541666666666 0.28194444444444444 0.31119791666666663 0.2768518518518518 0.3106770833333333 0.2685185185185185 0.31197916666666664 0.2625 0.3125 0.24120370370370367 0.31197916666666664 0.23055555555555554 0.3145833333333333 0.2111111111111111 0.3171875 0.15648148148148147 0.3182291666666667 0.15462962962962962 0.32369791666666664 0.08935185185185185 0.3231770833333333 0.07546296296296295 0.32421875 0.07083333333333333 0.32109375 0.06018518518518519 0.31979166666666664 0.06388888888888888 0.3203125 0.0662037037037037 0.31901041666666663 0.07037037037037037 0.3177083333333333 0.08472222222222223 0.3182291666666667 0.0875 0.3140625 0.12962962962962962 0.3138020833333333 0.1476851851851852 0.309375 0.19212962962962962 0.3052083333333333 0.25787037037037036 0.3052083333333333 0.2884259259259259
1 0.6192708333333333 0.07685185185185185 0.61796875 0.08842592592592592 0.61875 0.10277777777777777 0.6158854166666666 0.16712962962962963 0.6166666666666666 0.1847222222222222 0.615625 0.19398148148148148 0.6161458333333333 0.2310185185185185 0.6111979166666666 0.4768518518518518 0.6125 0.4847222222222222 0.61640625 0.48240740740740734 0.61875 0.4689814814814815 0.6213541666666667 0.46342592592592585 0.6216145833333333 0.42824074074074076 0.62265625 0.425 0.62109375 0.4208333333333333 0.621875 0.412962962962963 0.62109375 0.4060185185185185 0.6234375 0.3763888888888889 0.62265625 0.3587962962962963 0.6213541666666667 0.3532407407407407 0.6221354166666666 0.32916666666666666 0.6213541666666667 0.28888888888888886 0.621875 0.2458333333333333 0.6229166666666666 0.23888888888888887 0.621875 0.22407407407407404 0.6229166666666666 0.19722222222222222 0.6221354166666666 0.19166666666666665 0.6223958333333333 0.14166666666666666 0.6244791666666666 0.032407407407407406 0.6234375 0 0.61796875 0 0.6190104166666666 0.010648148148148148 0.6192708333333333 0.07685185185185185
1 0.6372395833333333 0.04768518518518518 0.63671875 0.05 0.6388020833333333 0.05694444444444444 0.6393229166666666 0.0662037037037037 0.63828125 0.09583333333333333 0.6408854166666667 0.14166666666666666 0.6401041666666666 0.1597222222222222 0.6408854166666667 0.17083333333333334 0.6395833333333333 0.1925925925925926 0.6377604166666666 0.20185185185185187 0.6390625 0.2347222222222222 0.6356770833333333 0.29212962962962963 0.63515625 0.34259259259259256 0.6328125 0.3578703703703704 0.6333333333333333 0.38796296296296295 0.6341145833333333 0.3907407407407407 0.6328125 0.3935185185185185 0.6325520833333333 0.4287037037037037 0.6333333333333333 0.4291666666666666 0.63359375 0.43472222222222223 0.63203125 0.4356481481481481 0.6315104166666666 0.4393518518518518 0.6322916666666666 0.4564814814814815 0.63359375 0.4583333333333333 0.6328125 0.46342592592592585 0.6346354166666666 0.46805555555555556 0.6338541666666666 0.46990740740740733 0.6361979166666666 0.4726851851851851 0.6369791666666667 0.47777777777777775 0.6408854166666667 0.47916666666666663 0.6447916666666667 0.47453703703703703 0.6471354166666666 0.46342592592592585 0.6458333333333333 0.4611111111111111 0.6455729166666666 0.4541666666666666 0.6466145833333333 0.449537037037037 0.6455729166666666 0.43425925925925923 0.6466145833333333 0.4148148148148148 0.6458333333333333 0.4106481481481481 0.6466145833333333 0.4078703703703703 0.6455729166666666 0.4018518518518518 0.6471354166666666 0.387037037037037 0.6463541666666666 0.3828703703703703 0.64765625 0.38055555555555554 0.64765625 0.3333333333333333 0.6489583333333333 0.3125 0.6473958333333333 0.25231481481481477 0.6481770833333333 0.24074074074074076 0.6466145833333333 0.23935185185185187 0.6486979166666667 0.21574074074074073 0.64765625 0.1986111111111111 0.6484375 0.1925925925925926 0.6473958333333333 0.18981481481481483 0.6479166666666666 0.18564814814814815 0.6463541666666666 0.18194444444444444 0.6458333333333333 0.16944444444444445 0.6473958333333333 0.1648148148148148 0.6471354166666666 0.14907407407407408 0.6494791666666666 0.1199074074074074 0.6494791666666666 0.10092592592592593 0.6536458333333333 0.08888888888888888 0.6533854166666666 0.08425925925925926 0.6549479166666666 0.07731481481481481 0.659375 0.0736111111111111 0.6611979166666666 0.07453703703703704 0.6614583333333333 0.07222222222222222 0.6627604166666666 0.045370370370370366 0.66015625 0.035648148148148144 0.6614583333333333 0.03333333333333333 0.6625 0.018055555555555554 0.6611979166666666 0.010648148148148148 0.659375 0.0125 0.653125 0 0.6364583333333333 0 0.6322916666666666 0.016666666666666666 0.6330729166666667 0.03981481481481482 0.6372395833333333 0.04768518518518518
1 0.8838541666666666 0.0032407407407407406 0.8888020833333332 0.041666666666666664 0.8885416666666666 0.050925925925925916 0.8916666666666666 0.09305555555555554 0.89140625 0.13333333333333333 0.89296875 0.14027777777777778 0.8927083333333332 0.1611111111111111 0.8940104166666666 0.16574074074074072 0.8940104166666666 0.18564814814814815 0.8953125 0.19166666666666665 0.8940104166666666 0.20277777777777778 0.8950520833333332 0.20787037037037037 0.8940104166666666 0.22361111111111112 0.8958333333333333 0.29907407407407405 0.8942708333333332 0.3402777777777778 0.896875 0.35 0.89453125 0.375 0.8932291666666666 0.3763888888888889 0.8932291666666666 0.39166666666666666 0.8940104166666666 0.3972222222222222 0.9002604166666666 0.4083333333333333 0.8994791666666666 0.4148148148148148 0.9005208333333332 0.4212962962962963 0.8986979166666667 0.42453703703703705 0.8981770833333332 0.4351851851851851 0.9010416666666666 0.44351851851851853 0.9033854166666666 0.4356481481481481 0.9018229166666666 0.4185185185185185 0.9049479166666666 0.41527777777777775 0.9078125 0.4189814814814815 0.909375 0.41527777777777775 0.9111979166666666 0.4148148148148148 0.9098958333333332 0.412962962962963 0.9083333333333332 0.4023148148148148 0.9072916666666666 0.39120370370370366 0.9080729166666666 0.3833333333333333 0.9044270833333332 0.375 0.90546875 0.3731481481481481 0.9049479166666666 0.3662037037037037 0.9028645833333332 0.36111111111111105 0.9028645833333332 0.3583333333333333 0.9046875 0.3555555555555555 0.9044270833333332 0.34907407407407404 0.90625 0.34305555555555556 0.9052083333333332 0.3361111111111111 0.90546875 0.3259259259259259 0.90703125 0.3212962962962963 0.9072916666666666 0.31527777777777777 0.90546875 0.3074074074074074 0.90625 0.30324074074074076 0.9028645833333332 0.2953703703703704 0.9041666666666666 0.2898148148148148 0.90625 0.262037037037037 0.9057291666666666 0.25462962962962965 0.9041666666666666 0.2513888888888889 0.9049479166666666 0.24814814814814815 0.9041666666666666 0.2449074074074074 0.9049479166666666 0.2347222222222222 0.90390625 0.1847222222222222 0.9044270833333332 0.1597222222222222 0.9010416666666666 0.09861111111111111 0.9 0.09490740740740741 0.8986979166666667 0.04675925925925926 0.8971354166666666 0.039351851851851846 0.8973958333333332 0.025925925925925925 0.8950520833333332 0 0.8838541666666666 0 0.8838541666666666 0.0032407407407407406
1 0.9661458333333333 0.0375 0.9682291666666666 0.05416666666666666 0.9682291666666666 0.06805555555555555 0.9716145833333332 0.10833333333333332 0.9721354166666666 0.1259259259259259 0.9713541666666666 0.13333333333333333 0.9731770833333332 0.14259259259259258 0.97421875 0.18287037037037035 0.9768229166666667 0.20185185185185187 0.9770833333333332 0.2310185185185185 0.9786458333333332 0.24074074074074076 0.978125 0.2777777777777778 0.9796875 0.33148148148148143 0.98125 0.3453703703703704 0.984375 0.35 0.9856770833333333 0.3421296296296296 0.984375 0.3361111111111111 0.9846354166666667 0.28518518518518515 0.9833333333333332 0.2784722222222222 0.9822916666666666 0.2583333333333333 0.98203125 0.20509259259259255 0.98125 0.19212962962962962 0.9802083333333332 0.18981481481481483 0.9809895833333332 0.18518518518518517 0.9796875 0.17777777777777776 0.9776041666666666 0.1398148148148148 0.97578125 0.137037037037037 0.97578125 0.09861111111111111 0.9721354166666666 0.07592592592592592 0.9723958333333332 0.0625 0.9703125 0.035648148148148144 0.96875 0.03194444444444444 0.9677083333333332 0.01574074074074074 0.9661458333333333 0.01388888888888889 0.9653645833333332 0.015277777777777776 0.9661458333333333 0.0375
1 0.9481770833333332 0.008796296296296297 0.9489583333333332 0.022685185185185183 0.9515625 0.0412037037037037 0.95234375 0.07453703703703704 0.9614583333333332 0.24953703703703703 0.9611979166666667 0.2796296296296296 0.9622395833333333 0.28657407407407404 0.9630208333333332 0.31666666666666665 0.9622395833333333 0.3421296296296296 0.96328125 0.37175925925925923 0.9622395833333333 0.39768518518518514 0.9635416666666666 0.4060185185185185 0.9630208333333332 0.4259259259259259 0.9638020833333332 0.4296296296296296 0.9630208333333332 0.43240740740740735 0.9643229166666666 0.43657407407407406 0.9635416666666666 0.4458333333333333 0.96484375 0.45 0.9643229166666666 0.49490740740740735 0.965625 0.5092592592592593 0.96484375 0.5152777777777777 0.9708333333333332 0.5222222222222223 0.9739583333333333 0.523611111111111 0.9755208333333332 0.5222222222222223 0.9723958333333332 0.5115740740740741 0.9731770833333332 0.5064814814814815 0.9721354166666666 0.3986111111111111 0.9731770833333332 0.36018518518518516 0.97421875 0.3583333333333333 0.9653645833333332 0.1611111111111111 0.9614583333333332 0.1375 0.9609375 0.10555555555555556 0.9596354166666666 0.09907407407407406 0.9565104166666666 0.05694444444444444 0.95546875 0.055092592592592596 0.9541666666666666 0.043055555555555555 0.9510416666666666 0 0.9481770833333332 0 0.9481770833333332 0.008796296296296297
1 0.8015625 0.22777777777777777 0.8036458333333332 0.2458333333333333 0.8028645833333332 0.2652777777777778 0.80390625 0.274074074074074 0.8072916666666666 0.2634259259259259 0.8057291666666666 0.21064814814814814 0.8072916666666666 0.19212962962962962 0.80703125 0.17824074074074073 0.8057291666666666 0.1699074074074074 0.8028645833333332 0.09166666666666666 0.80078125 0.07592592592592592 0.8013020833333332 0.07037037037037037 0.8 0.06527777777777778 0.7966145833333333 0.06296296296296296 0.79609375 0.07083333333333333 0.8015625 0.22777777777777777
1 0.7755208333333333 0.10833333333333332 0.7768229166666666 0.10879629629629628 0.7786458333333333 0.09814814814814814 0.7760416666666666 0.08935185185185185 0.7747395833333333 0.09259259259259259 0.775 0.10555555555555556 0.7755208333333333 0.10833333333333332
1 0.7794270833333333 0.1388888888888889 0.7799479166666666 0.12314814814814815 0.778125 0.12175925925925926 0.77578125 0.12361111111111109 0.77578125 0.13564814814814813 0.7794270833333333 0.1388888888888889
1 0.77265625 0.1787037037037037 0.7739583333333333 0.17916666666666664 0.775 0.18425925925925926 0.77578125 0.20416666666666666 0.7786458333333333 0.21620370370370368 0.7770833333333333 0.22268518518518515 0.77578125 0.22361111111111112 0.7770833333333333 0.225 0.7770833333333333 0.22824074074074074 0.7755208333333333 0.23148148148148148 0.7786458333333333 0.23518518518518516 0.7828125 0.2361111111111111 0.78359375 0.2310185185185185 0.78203125 0.22916666666666666 0.784375 0.22037037037037038 0.7828125 0.2125 0.78359375 0.20972222222222223 0.7809895833333333 0.20601851851851852 0.7796875 0.19675925925925924 0.7838541666666666 0.1925925925925926 0.7830729166666666 0.1875 0.78359375 0.18148148148148147 0.7822916666666666 0.17638888888888887 0.7807291666666666 0.15046296296296297 0.7791666666666666 0.14212962962962963 0.77578125 0.14537037037037037 0.775 0.1509259259259259 0.7763020833333333 0.15833333333333333 0.77265625 0.1787037037037037
1 0.7234375 0.27268518518518514 0.72734375 0.28009259259259256 0.7294270833333333 0.2759259259259259 0.728125 0.2699074074074074 0.7294270833333333 0.26157407407407407 0.7278645833333333 0.2574074074074074 0.7268229166666667 0.2583333333333333 0.72578125 0.2685185185185185 0.7234375 0.27268518518518514
1 0.7174479166666666 0.033796296296296297 0.71640625 0.04675925925925926 0.7184895833333333 0.04722222222222222 0.7234375 0.05601851851851851 0.7234375 0.0611111111111111 0.7268229166666667 0.05972222222222222 0.7307291666666667 0.0625 0.7354166666666666 0.05694444444444444 0.734375 0.053240740740740734 0.7354166666666666 0.043055555555555555 0.7333333333333333 0.0412037037037037 0.7315104166666666 0.033796296296296297 0.734375 0.03055555555555555 0.7341145833333333 0.027314814814814813 0.7302083333333333 0.030092592592592594 0.7221354166666666 0.02685185185185185 0.7169270833333333 0.02824074074074074 0.7158854166666666 0.029166666666666664 0.7174479166666666 0.033796296296296297
1 0.72265625 0.13287037037037036 0.7244791666666666 0.137037037037037 0.7247395833333333 0.14398148148148146 0.72265625 0.1472222222222222 0.7231770833333333 0.19212962962962962 0.7200520833333333 0.19629629629629627 0.7200520833333333 0.20277777777777778 0.7216145833333333 0.2324074074074074 0.7229166666666667 0.23564814814814813 0.7234375 0.24259259259259255 0.7229166666666667 0.24814814814814815 0.7276041666666666 0.25370370370370365 0.73125 0.24907407407407406 0.7299479166666666 0.22175925925925927 0.7309895833333333 0.21805555555555553 0.7307291666666667 0.21296296296296294 0.7294270833333333 0.21064814814814814 0.73046875 0.2064814814814815 0.7291666666666666 0.199537037037037 0.7299479166666666 0.19212962962962962 0.7286458333333333 0.18287037037037035 0.7291666666666666 0.16574074074074072 0.728125 0.16203703703703703 0.7307291666666667 0.1449074074074074 0.7291666666666666 0.14074074074074075 0.7294270833333333 0.13657407407407407 0.7283854166666666 0.13287037037037036 0.728125 0.10787037037037037 0.73125 0.09537037037037036 0.7294270833333333 0.08333333333333333 0.7270833333333333 0.08194444444444444 0.7229166666666667 0.08703703703703704 0.7244791666666666 0.09305555555555554 0.7216145833333333 0.09861111111111111 0.7221354166666666 0.12685185185185183 0.72265625 0.13287037037037036
1 0.8677083333333332 0.2574074074074074 0.8690104166666666 0.2754629629629629 0.8700520833333332 0.2787037037037037 0.8713541666666667 0.2759259259259259 0.8713541666666667 0.225 0.8703125 0.21990740740740738 0.8690104166666666 0.22037037037037038 0.8677083333333332 0.2263888888888889 0.8677083333333332 0.2574074074074074
1 0.75 0.1476851851851852 0.75234375 0.1638888888888889 0.7505208333333333 0.18194444444444444 0.7518229166666666 0.1925925925925926 0.7502604166666667 0.20185185185185187 0.75 0.22685185185185186 0.7518229166666666 0.23657407407407405 0.7557291666666666 0.22037037037037038 0.75546875 0.19583333333333333 0.75234375 0.1935185185185185 0.7528645833333333 0.18333333333333332 0.7552083333333333 0.17962962962962964 0.7557291666666666 0.15740740740740738 0.7528645833333333 0.14027777777777778 0.75078125 0.14027777777777778 0.7510416666666666 0.14444444444444443 0.75 0.1476851851851852
1 0.818434375 0.34362499999999996 0.8186057291666666 0.3805180555555555 0.8206638020833333 0.3805180555555555 0.8208354166666666 0.3180134259259259 0.8204924479166665 0.2786810185185185 0.8204924479166665 0.25062962962962965 0.818434375 0.24331203703703702 0.8182627604166666 0.2847787037037037 0.818434375 0.34362499999999996
1 0.78203125 0.26805555555555555 0.7815104166666667 0.2898148148148148 0.7822916666666666 0.29212962962962963 0.78203125 0.3097222222222222 0.7809895833333333 0.3143518518518518 0.7822916666666666 0.3578703703703704 0.7828125 0.36203703703703705 0.7854166666666667 0.36342592592592593 0.7846354166666666 0.36712962962962964 0.7828125 0.3680555555555555 0.7825520833333333 0.3708333333333333 0.7841145833333333 0.37407407407407406 0.7861979166666666 0.375 0.78828125 0.3699074074074074 0.7880208333333333 0.36203703703703705 0.7903645833333333 0.35648148148148145 0.7911458333333333 0.34907407407407404 0.790625 0.33564814814814814 0.7942708333333333 0.33055555555555555 0.7861979166666666 0.24351851851851852 0.7828125 0.24351851851851852 0.7807291666666666 0.2513888888888889 0.78203125 0.26805555555555555
1 0.7083333333333333 0.01574074074074074 0.71015625 0.021296296296296296 0.7106770833333333 0.018518518518518517 0.71328125 0.015277777777777776 0.7122395833333333 0.01388888888888889 0.7122395833333333 0.0018518518518518517 0.71328125 0 0.7096354166666666 0 0.7091145833333333 0.004166666666666667 0.7096354166666666 0.010648148148148148 0.7083333333333333 0.01574074074074074
1 0.71328125 0.2287037037037037 0.7127604166666666 0.23796296296296293 0.71640625 0.24120370370370367 0.7190104166666667 0.2375 0.7205729166666666 0.23796296296296293 0.71796875 0.2324074074074074 0.7190104166666667 0.2273148148148148 0.7184895833333333 0.22037037037037038 0.7158854166666666 0.2189814814814815 0.7130208333333333 0.22175925925925927 0.7119791666666666 0.22361111111111112 0.71328125 0.2287037037037037
1 0.709375 0.07546296296296295 0.7106770833333333 0.08657407407407407 0.7135416666666666 0.0875 0.7145833333333333 0.08333333333333333 0.71484375 0.07083333333333333 0.7122395833333333 0.05972222222222222 0.7140625 0.05694444444444444 0.7130208333333333 0.055092592592592596 0.7127604166666666 0.043055555555555555 0.7098958333333333 0.02685185185185185 0.709375 0.029629629629629627 0.70859375 0.043055555555555555 0.709375 0.07546296296296295
1 0.7098958333333333 0.1509259259259259 0.7119791666666666 0.15277777777777776 0.71328125 0.16296296296296295 0.7125 0.16759259259259257 0.7130208333333333 0.1912037037037037 0.7111979166666667 0.19583333333333333 0.7114583333333333 0.2064814814814815 0.7135416666666666 0.21157407407407405 0.7169270833333333 0.21435185185185185 0.7192708333333333 0.20972222222222223 0.7174479166666666 0.20401249999999999 0.71796875 0.19583333333333333 0.7169270833333333 0.19027777777777777 0.7184895833333333 0.1824074074074074 0.7184895833333333 0.16805555555555554 0.7171875 0.16203703703703703 0.7174479166666666 0.15416666666666665 0.715625 0.15231481481481482 0.7145833333333333 0.14675925925925926 0.7153645833333333 0.10925925925925925 0.7145833333333333 0.10601851851851851 0.71484375 0.09490740740740741 0.71328125 0.08888888888888888 0.7119791666666666 0.09027777777777776 0.7111979166666667 0.09675925925925925 0.7122395833333333 0.12947546296296294 0.7098958333333333 0.1509259259259259
1 0.7158854166666666 0.3101851851851852 0.7143229166666666 0.3212962962962963 0.7166666666666666 0.3333333333333333 0.7161458333333333 0.3388888888888889 0.7169270833333333 0.3421296296296296 0.7158854166666666 0.3453703703703704 0.71875 0.3685185185185185 0.7177083333333333 0.3731481481481481 0.71875 0.3759259259259259 0.71796875 0.387037037037037 0.7205729166666666 0.4208333333333333 0.7192708333333333 0.425 0.7200520833333333 0.4337962962962963 0.7192708333333333 0.4458333333333333 0.7208333333333333 0.45046296296296295 0.7190104166666667 0.4541666666666666 0.7197916666666666 0.4613425925925926 0.7192708333333333 0.4722222222222222 0.7236979166666666 0.48009259259259257 0.7252604166666666 0.43888888888888883 0.7247395833333333 0.375 0.7255208333333333 0.3574074074074074 0.7229166666666667 0.3208333333333333 0.7247395833333333 0.31759259259259254 0.7244791666666666 0.3087962962962963 0.7236979166666666 0.3050925925925926 0.7213541666666666 0.30648148148148147 0.7184895833333333 0.30462962962962964 0.7169270833333333 0.2967592592592593 0.7158854166666666 0.29722222222222217 0.7140625 0.3037037037037037 0.7158854166666666 0.3101851851851852
1 0.5702057291666667 0.29420462962962957 0.5681830729166666 0.36089120370370364 0.57094140625 0.3615449074074074 0.5718606770833333 0.3347398148148148 0.5742510416666666 0.24288240740740735 0.5722283854166667 0.24124814814814816 0.5718606770833333 0.2572657407407407 0.5702057291666667 0.29420462962962957
1 0.5088541666666666 0.31759259259259254 0.5119791666666667 0.32314814814814813 0.5130208333333333 0.3208333333333333 0.51328125 0.31111111111111106 0.5119791666666667 0.2638888888888889 0.5109375 0.2754629629629629 0.5106770833333333 0.3023148148148148 0.5088541666666666 0.31759259259259254
1 0.3888927083333333 0.27274999999999994 0.3846513020833333 0.32735185185185184 0.38157994791666666 0.3946944444444444 0.38509010416666667 0.3978143518518518 0.3861138020833333 0.3728532407407407 0.38699140625 0.3460726851851852 0.3887466145833333 0.3081111111111111 0.3922565104166667 0.23868842592592593 0.3903552083333333 0.2379087962962963 0.39020911458333335 0.24440879629629628 0.3888927083333333 0.27274999999999994
1 0.3804098958333333 0.3195513888888889 0.3795325520833333 0.28757037037037037 0.37806979166666665 0.2888703703703704 0.3783625 0.3068111111111111 0.37748489583333333 0.32579166666666665 0.37631484375 0.36297314814814813 0.37806979166666665 0.36219305555555553 0.3804098958333333 0.3195513888888889
1 0.28232447916666664 0.1378509259259259 0.2802692708333333 0.16110277777777776 0.2780270833333333 0.1943199074074074 0.27559817708333334 0.23185509259259257 0.2724216145833333 0.2836740740740741 0.26812421875 0.3371537037037037 0.2701794270833333 0.3414717592592592 0.2744770833333333 0.28334166666666666 0.2780270833333333 0.22853379629629628 0.2804559895833333 0.184687037037037 0.28325885416666663 0.14814814814814814 0.28662187499999997 0.11559537037037038 0.28344557291666667 0.11127731481481482 0.28363255208333327 0.12423194444444444 0.28232447916666664 0.1378509259259259
0 0.09577369791666666 0.3907217592592592 0.10601536458333331 0.41385046296296296 0.11570338541666665 0.4350101851851852 0.11625703125 0.46552037037037036 0.12151614583333332 0.49012500000000003 0.12373072916666665 0.47388564814814804 0.1251145833333333 0.42221574074074075 0.13563307291666665 0.3759592592592592 0.14393723958333332 0.3134634259259259 0.14006197916666666 0.2780328703703704 0.12926666666666667 0.287874537037037 0.124284375 0.3252736111111111 0.10961380208333331 0.3479097222222222 0.11293541666666666 0.3651333333333333 0.09577369791666666 0.3907217592592592
0 0.0287875 0.495537962962963 0.027680208333333334 0.5127611111111111 0.027403385416666665 0.532937037037037 0.02657291666666667 0.5540967592592592 0.025189062499999998 0.5791935185185185 0.025189062499999998 0.5890356481481481 0.027403385416666665 0.5767333333333332 0.029894531250000002 0.5595097222222222 0.032109114583333334 0.5358893518518518 0.034046614583333336 0.5024273148148148 0.03376979166666666 0.48225138888888885 0.035984375 0.46699629629629624 0.027680208333333334 0.4551861111111111 0.02601953125 0.47683842592592585 0.0287875 0.495537962962963
1 0.5703125 0.5296296296296296 0.5739583333333333 0.5310185185185186 0.57578125 0.4837962962962963 0.57578125 0.4726851851851851 0.5744791666666667 0.46712962962962956 0.5721354166666666 0.4856481481481481 0.5721354166666666 0.5107407407407407 0.5703125 0.5296296296296296
0 0.022515104166666668 0.4365800925925926 0.04572630208333333 0.43575462962962963 0.058956770833333325 0.4518476851851852 0.08472135416666667 0.4609259259259259 0.08681041666666665 0.421312037037037 0.06429557291666667 0.4002671296296296 0.013462499999999999 0.3903634259259259 0.005106510416666666 0.43699259259259254 0.022515104166666668 0.4365800925925926
0 0.25787812499999996 0.4745435185185184 0.2608958333333333 0.4394685185185184 0.2657700520833333 0.44153194444444444 0.28178593749999997 0.4464833333333333 0.2945520833333333 0.4431824074074074 0.28828515625 0.43121574074074076 0.2736619791666667 0.4101703703703703 0.26205625 0.41182129629629627 0.25927083333333334 0.4229625 0.25718203125 0.4510226851851852 0.25555703125 0.48651018518518524 0.2581104166666667 0.48733564814814806 0.25787812499999996 0.4745435185185184