1 0.3569444444444444 0.8286458333333332 0.3569444444444444 0.8364583333333332 0.36157407407407405 0.83984375 0.3675925925925926 0.8380208333333332 0.3694444444444444 0.8385416666666666 0.37916666666666665 0.8442708333333332 0.40324074074074073 0.8403645833333332 0.40740740740740733 0.8403645833333332 0.41759259259259257 0.8432291666666666 0.4268518518518518 0.8489583333333333 0.4268518518518518 0.85234375 0.4291666666666666 0.85390625 0.43148148148148147 0.8604166666666666 0.4356481481481481 0.86328125 0.4462962962962963 0.8661458333333332 0.44861111111111107 0.8638020833333332 0.44907407407407407 0.8479166666666667 0.4541666666666666 0.8223958333333332 0.45555555555555555 0.80078125 0.45925925925925926 0.78828125 0.4625 0.75703125 0.47129629629629627 0.71640625 0.475 0.7028645833333333 0.48657407407407405 0.6856770833333333 0.4842592592592593 0.6830729166666666 0.4837962962962963 0.6786458333333333 0.48611111111111105 0.6778645833333333 0.4958333333333333 0.6651041666666666 0.4921296296296296 0.6575520833333333 0.4981481481481481 0.6559895833333333 0.49907407407407406 0.6505208333333333 0.5013888888888889 0.6481770833333333 0.5013888888888889 0.6453125 0.4962962962962963 0.6440104166666666 0.499537037037037 0.6403645833333333 0.5 0.6333333333333333 0.5037037037037037 0.6307291666666666 0.5060185185185185 0.6265625 0.5083333333333333 0.5979166666666667 0.5134259259259258 0.5791666666666666 0.5152777777777777 0.5643229166666666 0.5189814814814815 0.5575520833333333 0.5300925925925926 0.5143229166666666 0.5310185185185186 0.5002604166666667 0.5333333333333333 0.49479166666666663 0.5310185185185186 0.49140625 0.5314814814814814 0.48671875 0.5342592592592592 0.4817708333333333 0.537962962962963 0.4658854166666666 0.5736111111111111 0.2567708333333333 0.5828703703703704 0.21744791666666666 0.586111111111111 0.19348958333333333 0.5893518518518518 0.18619791666666666 0.5939814814814814 0.10729166666666665 0.6009259259259259 0.06875 0.6060185185185185 0.0546875 0.610648148148148 0.016666666666666666 0.6148148148148148 0 0.5856481481481481 0 0.5796296296296296 0.00859375 0.4921296296296296 0.3182291666666667 0.4851851851851851 0.3317708333333333 0.4810185185185185 0.3559895833333333 0.47777777777777775 0.36640625 0.4689814814814815 0.3833333333333333 0.46712962962962956 0.3963541666666667 0.4648148148148148 0.3997395833333333 0.46018518518518514 0.41484375 0.4606481481481481 0.4184895833333333 0.4569444444444444 0.4268229166666666 0.4574074074074074 0.4328125 0.45509259259259255 0.4416666666666666 0.44351851851851853 0.4690104166666666 0.4356481481481481 0.49453125 0.4287037037037037 0.5216145833333333 0.4287037037037037 0.5471354166666667 0.425 0.5575520833333333 0.41990740740740734 0.5640625 0.41759259259259257 0.5747395833333333 0.41157407407407404 0.6317708333333333 0.39768518518518514 0.6729166666666666 0.39166666666666666 0.6828125 0.3833333333333333 0.709375 0.3782407407407407 0.7377604166666666 0.3569444444444444 0.8286458333333332
1 0.15787037037037038 0.7018229166666666 0.18564814814814815 0.7106770833333333 0.19027777777777777 0.7096354166666666 0.19907407407407407 0.7171875 0.20324074074074075 0.7177083333333333 0.2064814814814815 0.7169270833333333 0.21157407407407405 0.6747395833333333 0.2148148148148148 0.6700520833333333 0.21666666666666665 0.6690104166666666 0.22037037037037038 0.66953125 0.22685185185185186 0.66484375 0.22962962962962963 0.6471354166666666 0.23425925925925925 0.634375 0.2449074074074074 0.5885416666666666 0.2513888888888889 0.5703125 0.25277777777777777 0.5604166666666666 0.26435185185185184 0.5286458333333333 0.27037037037037037 0.5041666666666667 0.29212962962962963 0.4450520833333333 0.29398148148148145 0.4354166666666666 0.3018518518518518 0.4182291666666666 0.3018518518518518 0.41328125 0.29907407407407405 0.4111979166666666 0.3037037037037037 0.4057291666666666 0.3069444444444444 0.4041666666666666 0.3101851851851852 0.39765625 0.31111111111111106 0.38932291666666663 0.3050925925925926 0.3859375 0.30648148148148147 0.3786458333333333 0.31481481481481477 0.37421875 0.3134259259259259 0.37057291666666664 0.3208333333333333 0.36640625 0.3277777777777778 0.35234375 0.3277777777777778 0.3481770833333333 0.32361111111111107 0.34921875 0.31851851851851853 0.34835078124999996 0.3263888888888889 0.32369791666666664 0.3453703703703704 0.28359375 0.3518518518518518 0.27213541666666663 0.35509259259259257 0.2692708333333333 0.3680555555555555 0.2380208333333333 0.374537037037037 0.2309895833333333 0.3768518518518518 0.22265625 0.38055555555555554 0.2184895833333333 0.3828703703703703 0.21197916666666666 0.3898148148148148 0.203125 0.39120370370370366 0.19765625 0.39629629629629626 0.19270833333333331 0.39629629629629626 0.1875 0.40092592592592585 0.18359375 0.40370370370370373 0.178125 0.4078703703703703 0.17864583333333334 0.40879629629629627 0.17786458333333333 0.4148148148148148 0.16927083333333331 0.41666666666666663 0.15677083333333333 0.42777777777777776 0.1375 0.4287037037037037 0.12838541666666664 0.45555555555555555 0.08151041666666667 0.45925925925925926 0.07083333333333333 0.46805555555555556 0.058854166666666666 0.4726851851851851 0.0546875 0.47638888888888886 0.05364583333333332 0.47407407407407404 0.05078125 0.47592592592592586 0.043229166666666666 0.48240740740740734 0.03645833333333333 0.4851851851851851 0.03619791666666666 0.48657407407407405 0.03255208333333333 0.49444444444444435 0.02578125 0.4935185185185185 0.02421875 0.49675925925925923 0.02239583333333333 0.5 0.023697916666666666 0.5018518518518518 0.02630208333333333 0.5055555555555555 0.02578125 0.5125 0.01614583333333333 0.5050925925925925 0 0.4773148148148148 0 0.4768518518518518 0.004166666666666667 0.4708333333333333 0.006770833333333333 0.4666666666666666 0.004427083333333333 0.46574074074074073 0.007291666666666666 0.461574074074074 0.00859375 0.46574074074074073 0.012760416666666666 0.4625 0.014583333333333332 0.4648148148148148 0.01953125 0.45509259259259255 0.02890625 0.4606481481481481 0.03307291666666666 0.45509259259259255 0.03619791666666666 0.45555555555555555 0.03828125 0.45138888888888884 0.047135416666666666 0.4481481481481481 0.05026041666666666 0.44490740740740736 0.061197916666666664 0.44074074074074077 0.06432291666666666 0.4375 0.07578125 0.42777777777777776 0.08828125 0.4222222222222222 0.0921875 0.4185185185185185 0.10182291666666665 0.412962962962963 0.1046875 0.40740740740740733 0.11276041666666665 0.40092592592592585 0.13020833333333331 0.3851851851851852 0.15208333333333332 0.37777777777777777 0.16822916666666665 0.3712962962962963 0.17578125 0.3402777777777778 0.2325520833333333 0.32685185185185184 0.2544270833333333 0.3222222222222222 0.2583333333333333 0.3199074074074074 0.26328125 0.31620370370370365 0.2653645833333333 0.31157407407407406 0.2817708333333333 0.29814814814814816 0.30703125 0.28425925925925927 0.32838541666666665 0.23657407407407405 0.4411458333333333 0.21990740740740738 0.4864583333333333 0.21527777777777776 0.5049479166666666 0.20833333333333331 0.51953125 0.18055555555555552 0.6052083333333333 0.17685185185185184 0.6231770833333333 0.1787037037037037 0.6265625 0.17777777777777776 0.6332466145833333 0.17129629629629628 0.6403645833333333 0.16435185185185183 0.6627604166666666 0.16064814814814815 0.6825520833333333 0.1560185185185185 0.6924479166666666 0.1550925925925926 0.6997395833333333 0.15787037037037038 0.7018229166666666
1 0.7069444444444444 0.04635416666666666 0.7055555555555555 0.04921875 0.7 0.14505208333333333 0.6990740740740741 0.20460078125 0.6921296296296295 0.33522135416666665 0.6833333333333333 0.45057291666666666 0.6726851851851852 0.5598958333333333 0.6638888888888889 0.6182291666666666 0.6634259259259259 0.63828125 0.6398148148148148 0.7380208333333333 0.6402777777777777 0.7447916666666666 0.6444444444444444 0.7481770833333333 0.675 0.7559895833333333 0.6777777777777778 0.7518229166666666 0.6782407407407407 0.73984375 0.6935185185185185 0.6466145833333333 0.6972222222222222 0.6328125 0.6986111111111111 0.6109375 0.7027777777777777 0.5919270833333333 0.711111111111111 0.4528645833333333 0.7162037037037037 0.32526041666666666 0.7148148148148148 0.29609375 0.7175925925925926 0.19609375 0.7148148148148148 0.11287604166666668 0.7175925925925926 0.075 0.7162037037037037 0.05 0.7180555555555556 0.04296875 0.7148148148148148 0 0.7046296296296296 0 0.7013888888888888 0.004427083333333333 0.7027777777777777 0.03307291666666666 0.7069444444444444 0.04635416666666666
1 0.9041666666666666 0.27604166666666663 0.913425925925926 0.29791666666666666 0.9175925925925925 0.3125 0.9310185185185185 0.36822916666666666 0.9324074074074075 0.3809895833333333 0.937962962962963 0.3958333333333333 0.9481481481481481 0.45 0.9578703703703703 0.5421875 0.9564814814814815 0.54921875 0.9578703703703703 0.5723958333333333 0.9532407407407406 0.6216145833333333 0.9527777777777777 0.6552083333333333 0.9546296296296296 0.65546875 0.9583333333333333 0.6643229166666667 0.9574074074074075 0.6828125 0.9597222222222221 0.69609375 0.9703703703703702 0.6971354166666666 0.9722222222222221 0.6822916666666666 0.9717592592592592 0.5807291666666666 0.962037037037037 0.453125 0.9578703703703703 0.43671875 0.9564814814814815 0.4177083333333333 0.9527777777777777 0.4122395833333333 0.9527777777777777 0.4075520833333333 0.9412037037037037 0.3734375 0.9310185185185185 0.3265625 0.923611111111111 0.30807291666666664 0.9226851851851852 0.2997395833333333 0.9180555555555555 0.290625 0.9083333333333332 0.25807291666666665 0.9041666666666666 0.25416666666666665 0.9037037037037037 0.25494791666666666 0.9018518518518517 0.25859375 0.9041666666666666 0.27604166666666663
1 0.7564814814814814 0.6643229166666667 0.7583333333333333 0.6739583333333333 0.7592592592592593 0.6604166666666667 0.7620370370370371 0.6546875 0.7657407407407406 0.63046875 0.773611111111111 0.5322916666666666 0.7759259259259259 0.4677083333333333 0.774537037037037 0.4638020833333333 0.775 0.4390625 0.7722222222222221 0.43515625 0.7703703703703704 0.453125 0.7708333333333333 0.4673828125 0.7564814814814814 0.6643229166666667
1 0.8643518518518517 0.2296875 0.8643518518518517 0.23151041666666666 0.8675925925925926 0.2359375 0.9171296296296296 0.4669270833333333 0.9208333333333332 0.56875 0.9194444444444445 0.5848958333333333 0.9175925925925925 0.5877604166666666 0.9180555555555555 0.634375 0.9162037037037036 0.6802083333333333 0.912037037037037 0.70859375 0.9143518518518517 0.71171875 0.925 0.71171875 0.9273148148148147 0.7098958333333333 0.9291666666666666 0.6973958333333333 0.9319444444444445 0.66171875 0.9347222222222221 0.6505208333333333 0.937037037037037 0.64765625 0.937037037037037 0.6393229166666666 0.9351851851851851 0.6348958333333333 0.9328703703703702 0.5645833333333333 0.9337962962962962 0.50859375 0.9222222222222222 0.42447916666666663 0.9083333333333332 0.35625 0.9037037037037037 0.34322916666666664 0.8912037037037036 0.28854166666666664 0.8856481481481481 0.2765625 0.8847222222222222 0.26666666666666666 0.8703703703703702 0.22578125 0.8685185185185185 0.2255208333333333 0.8675925925925926 0.22838541666666665 0.8643518518518517 0.2296875
1 0.8152777777777777 0.3828125 0.8171296296296295 0.39088541666666665 0.8217592592592592 0.39288203125 0.8231481481481481 0.39921875 0.825925925925926 0.45532395833333333 0.825462962962963 0.5111606770833333 0.8217592592592592 0.55703125 0.8217592592592592 0.5815104166666666 0.8175925925925925 0.6119791666666666 0.812962962962963 0.67578125 0.8138888888888889 0.6809895833333333 0.8212962962962962 0.6817708333333333 0.8236111111111111 0.6799479166666667 0.8245370370370371 0.6763020833333333 0.8231481481481481 0.6622395833333333 0.8273148148148147 0.6578125 0.825462962962963 0.65594609375 0.825462962962963 0.64921875 0.8282407407407406 0.6372395833333333 0.8268518518518517 0.6328125 0.8287037037037036 0.6302083333333333 0.8273148148148147 0.6190104166666666 0.8287037037037036 0.6161458333333333 0.8287037037037036 0.5911458333333333 0.8347222222222221 0.4981770833333333 0.8291666666666666 0.39140625 0.8300925925925926 0.3856770833333333 0.8337962962962961 0.3809895833333333 0.8412037037037037 0.37604166666666666 0.8393518518518517 0.37447916666666664 0.8342592592592591 0.3734375 0.8314814814814815 0.36875 0.825462962962963 0.3731770833333333 0.8217592592592592 0.37421875 0.8148148148148147 0.37369791666666663 0.812962962962963 0.38046875 0.8152777777777777 0.3828125
1 0.5953703703703703 0.68828125 0.5981481481481481 0.6877604166666667 0.6 0.6830729166666666 0.6027777777777777 0.6442708333333333 0.6097222222222223 0.5932291666666666 0.6226851851851851 0.446875 0.6347222222222222 0.34322916666666664 0.6361111111111111 0.3208333333333333 0.6337962962962963 0.3161458333333333 0.6282407407407408 0.340625 0.6199074074074074 0.4033854166666666 0.5879629629629629 0.6794270833333333 0.5884259259259259 0.6872395833333333 0.5953703703703703 0.68828125
1 0.010648148148148148 0.6091145833333333 0.0032407407407407406 0.6231770833333333 0.0037037037037037034 0.6270833333333333 0.012037037037037037 0.6322916666666666 0.014814814814814814 0.6291666666666667 0.02824074074074074 0.58984375 0.07962962962962963 0.4580729166666666 0.08518518518518518 0.4489583333333333 0.09768518518518518 0.4200520833333333 0.12638888888888888 0.36588541666666663 0.1300925925925926 0.35572916666666665 0.15416666666666665 0.31744791666666666 0.1662037037037037 0.2934895833333333 0.1648148148148148 0.29140625 0.1550925925925926 0.3005208333333333 0.1537037037037037 0.3052083333333333 0.137037037037037 0.32760416666666664 0.13518518518518519 0.3333333333333333 0.1287037037037037 0.3419270833333333 0.11759259259259258 0.3622395833333333 0.11064814814814813 0.3700520833333333 0.10092592592592593 0.39375 0.08935185185185185 0.4111979166666666 0.07638888888888888 0.4424479166666666 0.06944444444444445 0.4528645833333333 0.050925925925925916 0.4911458333333333 0.04444444444444444 0.5140625 0.03611111111111111 0.5286458333333333 0.014351851851851852 0.5916666666666666 0.010648148148148148 0.6091145833333333
1 0.07037037037037037 0.6234375 0.06759259259259259 0.62578125 0.06388888888888888 0.6252604166666667 0.06157407407407407 0.6268229166666666 0.05833333333333333 0.64140625 0.06018518518518519 0.6432291666666666 0.06805555555555555 0.6427083333333333 0.07083333333333333 0.6450520833333333 0.08564814814814814 0.5901041666666667 0.0962962962962963 0.5643229166666666 0.09907407407407406 0.5497395833333333 0.10231481481481482 0.5450520833333333 0.10787037037037037 0.5263020833333333 0.1162037037037037 0.50859375 0.11898148148148147 0.49479166666666663 0.13425925925925924 0.4638020833333333 0.13564814814814813 0.4549479166666666 0.14583333333333331 0.4354166666666666 0.15324074074074073 0.4135416666666666 0.1685185185185185 0.38046875 0.17175925925925925 0.36979166666666663 0.18888888888888888 0.3364583333333333 0.19444444444444445 0.31979166666666664 0.2009259259259259 0.3106770833333333 0.20787037037037037 0.29375 0.2208333333333333 0.27213541666666663 0.225 0.26197916666666665 0.23703703703703702 0.2458333333333333 0.23703703703703702 0.22916666666666666 0.23287037037037037 0.22786458333333331 0.23287037037037037 0.22578125 0.2361111111111111 0.2247395833333333 0.23425925925925925 0.2223958333333333 0.22962962962962963 0.2255208333333333 0.21990740740740738 0.23671875 0.2208333333333333 0.23828125 0.19814814814814813 0.2864583333333333 0.19675925925925924 0.29453125 0.19166666666666665 0.3005208333333333 0.1837962962962963 0.31953125 0.175 0.3309895833333333 0.1662037037037037 0.35885416666666664 0.15555555555555553 0.3802083333333333 0.15231481481481482 0.38359375 0.14305555555555555 0.40885416666666663 0.13333333333333333 0.4260416666666666 0.1162037037037037 0.4739583333333333 0.10833333333333332 0.4911458333333333 0.08888888888888888 0.5481770833333333 0.08333333333333333 0.55703125 0.07037037037037037 0.59453125 0.06759259259259259 0.60703125 0.07037037037037037 0.6234375
1 0.04583333333333333 0.6333333333333333 0.04814814814814815 0.63359375 0.050462962962962966 0.6328125 0.05416666666666666 0.6270833333333333 0.06527777777777778 0.59140625 0.07453703703703704 0.5705729166666667 0.07546296296296295 0.5635416666666666 0.08425925925925926 0.5466145833333333 0.08657407407407407 0.53046875 0.09722222222222222 0.5052083333333333 0.10462962962962963 0.48046875 0.12314814814814815 0.4372395833333333 0.12314814814814815 0.4260416666666666 0.10231481481481482 0.4705729166666666 0.07962962962962963 0.52578125 0.06666666666666667 0.5677083333333333 0.05601851851851851 0.59453125 0.05277777777777778 0.61015625 0.05 0.61171875 0.046296296296296294 0.61953125 0.04351851851851852 0.63046875 0.04583333333333333 0.6333333333333333
1 0.0037037037037037034 0.5013020833333333 0.0032407407407407406 0.5052083333333333 0 0.5065104166666666 0 0.5494791666666666 0.0018518518518518517 0.5489583333333333 0.020833333333333332 0.50859375 0.02175925925925926 0.4981770833333333 0.043981481481481476 0.4565104166666666 0.045370370370370366 0.4484375 0.05185185185185185 0.4354166666666666 0.053240740740740734 0.428125 0.06342592592592591 0.4078125 0.0611111111111111 0.4033854166666666 0.050925925925925916 0.41484375 0.027314814814814813 0.4630208333333333 0.02638888888888889 0.4700520833333333 0.02361111111111111 0.4721354166666666 0.01944444444444444 0.4846354166666666 0.018055555555555554 0.4861979166666666 0.013425925925925924 0.4856770833333333 0.012037037037037037 0.4838541666666666 0.008333333333333333 0.4901041666666666 0.009259259259259259 0.4942708333333333 0.0037037037037037034 0.5013020833333333
1 0.12083333333333332 0.63984375 0.12314814814814815 0.6390625 0.12731481481481483 0.6190104166666666 0.137037037037037 0.6151041666666666 0.14027777777777778 0.6080729166666666 0.1648148148148148 0.52421875 0.17129629629629628 0.50859375 0.17407407407407408 0.4877604166666666 0.1861111111111111 0.4627604166666666 0.18796296296296294 0.4533854166666666 0.20370370370370366 0.421875 0.21157407407407405 0.3989583333333333 0.2208333333333333 0.38203125 0.23009259259259257 0.3567708333333333 0.23888888888888887 0.3421875 0.2601851851851852 0.29609375 0.2652777777777778 0.28854166666666664 0.2763888888888889 0.265625 0.2759259259259259 0.2635416666666667 0.2722222222222222 0.26588541666666665 0.26759259259259255 0.27213541666666663 0.2638888888888889 0.28229166666666666 0.2601851851851852 0.2856770833333333 0.2513888888888889 0.2997395833333333 0.22361111111111112 0.35260416666666666 0.1648148148148148 0.4802083333333333 0.11574074074074074 0.6200520833333333 0.1125 0.63828125 0.12083333333333332 0.63984375
1 0.1472222222222222 0.6502604166666666 0.14861111111111108 0.6518229166666666 0.15694444444444444 0.6533854166666666 0.15925925925925927 0.653125 0.16157407407407406 0.6510416666666666 0.16944444444444445 0.6151041666666666 0.1736111111111111 0.6098958333333333 0.17685185185185184 0.59453125 0.18703703703703703 0.56796875 0.20185185185185187 0.5106770833333333 0.20833333333333331 0.49765625 0.21620370370370368 0.4703125 0.225 0.45234375 0.24351851851851852 0.4018229166666666 0.2638888888888889 0.359375 0.2657407407407407 0.3494791666666667 0.26944444444444443 0.3455729166666667 0.27037037037037037 0.34088541666666666 0.2754629629629629 0.3338541666666667 0.2796296296296296 0.3169270833333333 0.275 0.31953125 0.2685185185185185 0.3278645833333333 0.22916666666666666 0.41171875 0.18101851851851852 0.5361979166666666 0.1736111111111111 0.5622395833333333 0.16712962962962963 0.578125 0.1638888888888889 0.5942708333333333 0.16018518518518518 0.6020833333333333 0.15694444444444444 0.6192708333333333 0.1472222222222222 0.6502604166666666
1 0.2893518518518518 0.6598958333333333 0.2893518518518518 0.66484375 0.2953703703703704 0.6666666666666666 0.3 0.6666666666666666 0.3013888888888889 0.66484375 0.3055555555555555 0.6388020833333333 0.3134259259259259 0.61640625 0.3125 0.6127604166666666 0.3194444444444444 0.6026041666666666 0.32175925925925924 0.5903645833333333 0.32037037037037036 0.5846354166666666 0.3226851851851852 0.5815104166666666 0.324537037037037 0.5635416666666666 0.33009259259259255 0.5471354166666667 0.33379629629629626 0.5260416666666666 0.3421296296296296 0.5049479166666666 0.34675925925925927 0.4838541666666666 0.35462962962962963 0.4638020833333333 0.3560185185185185 0.453125 0.3625 0.4359375 0.3712962962962963 0.4033854166666666 0.4023148148148148 0.31484375 0.4064814814814815 0.29635416666666664 0.41527777777777775 0.2794270833333333 0.4180555555555555 0.2692708333333333 0.4180555555555555 0.26432291666666663 0.41574074074074074 0.26328125 0.40740740740740733 0.2791666666666667 0.39305555555555555 0.32265625 0.37407407407407406 0.3700520833333333 0.36712962962962964 0.3942708333333333 0.36018518518518516 0.4111979166666666 0.35648148148148145 0.4276041666666666 0.3458333333333333 0.453125 0.33287037037037037 0.50390625 0.3023148148148148 0.60390625 0.2986111111111111 0.63125 0.2893518518518518 0.6598958333333333
1 0.3763888888888889 0.6721354166666667 0.37962962962962965 0.6674479166666666 0.3902777777777778 0.6697916666666666 0.3935185185185185 0.6690104166666666 0.40138888888888885 0.6481770833333333 0.40555555555555556 0.6263020833333333 0.4078703703703703 0.6236979166666666 0.43287037037037035 0.49296875 0.46574074074074073 0.3768229166666667 0.4708333333333333 0.365625 0.4796296296296296 0.33463541666666663 0.4851851851851851 0.32447916666666665 0.48703703703703705 0.31510416666666663 0.4935185185185185 0.30390625 0.49444444444444435 0.2966145833333333 0.4916666666666666 0.2950520833333333 0.4912037037037037 0.2921875 0.49027777777777776 0.2953125 0.4847222222222222 0.30026041666666664 0.4773148148148148 0.325 0.47453703703703703 0.3278645833333333 0.4689814814814815 0.340625 0.45138888888888884 0.390625 0.425462962962963 0.48046875 0.4106481481481481 0.5247395833333333 0.4097222222222222 0.5322916666666666 0.4027777777777778 0.5432291666666667 0.40138888888888885 0.5559895833333333 0.39305555555555555 0.5755208333333333 0.3902777777777778 0.5778645833333333 0.38935185185185184 0.5869791666666666 0.387037037037037 0.5916666666666666 0.38796296296296295 0.5958333333333333 0.38564814814814813 0.5981770833333333 0.387037037037037 0.6010416666666666 0.3814814814814814 0.6127604166666666 0.38101851851851853 0.61875 0.3694444444444444 0.6533854166666666 0.3662037037037037 0.6684895833333333 0.3763888888888889 0.6721354166666667