1 0.7569444444444444 0.09036458333333333 0.7629629629629628 0.12083333333333332 0.7722222222222221 0.18138020833333332 0.7763888888888888 0.22135416666666666 0.7819444444444443 0.3036458333333333 0.7828703703703703 0.34618046874999997 0.7796296296296296 0.42578125 0.7796296296296296 0.4815104166666666 0.7731481481481481 0.52578125 0.774074074074074 0.5330729166666666 0.7699074074074074 0.5692708333333333 0.7671296296296296 0.5802083333333333 0.7657407407407406 0.6067708333333333 0.7592592592592593 0.63515625 0.7574074074074073 0.66015625 0.7523148148148148 0.6786458333333333 0.7518518518518518 0.6877604166666667 0.7449074074074074 0.70546875 0.7430555555555556 0.72109375 0.7078703703703704 0.8390625 0.7134259259259259 0.8473958333333332 0.7351851851851852 0.8572916666666666 0.7629629629629628 0.8645833333333333 0.7875 0.8682291666666666 0.8055555555555556 0.86875 0.8152777777777777 0.8677083333333332 0.8212962962962962 0.865625 0.8245370370370371 0.8627604166666666 0.8277777777777777 0.8528645833333333 0.8467592592592592 0.73984375 0.85 0.6947916666666666 0.8555555555555555 0.6604166666666667 0.8555555555555555 0.64375 0.8587962962962962 0.6200520833333333 0.8583333333333332 0.6013020833333333 0.8648148148148147 0.5294270833333333 0.8625 0.5182291666666666 0.8629629629629629 0.4841145833333333 0.8550925925925925 0.3640625 0.849537037037037 0.3184895833333333 0.8393518518518517 0.26484375 0.8375 0.2442708333333333 0.8324074074074075 0.23151041666666666 0.8189814814814815 0.16822916666666665 0.798611111111111 0.096875 0.7847222222222221 0.05703125 0.7773148148148148 0.04401041666666666 0.7694444444444444 0.015625 0.7648148148148148 0.00859375 0.7629629629629628 0 0.735648148148148 0 0.7351851851851852 0.003645833333333333 0.7351851851851852 0.00859375 0.7569444444444444 0.09036458333333333
1 0.033796296296296297 0.4184895833333333 0.025 0.43619791666666663 0 0.4729166666666666 0 0.5083333333333333 0.005092592592592592 0.5049479166666666 0.030092592592592594 0.46015625 0.06157407407407407 0.4143229166666666 0.07546296296296295 0.39088541666666665 0.08935185185185185 0.3734375 0.10833333333333332 0.34453125 0.1199074074074074 0.33203125 0.13379629629629627 0.3104166666666667 0.14814814814814814 0.2934895833333333 0.15277777777777776 0.2848958333333333 0.19675925925925924 0.22890625 0.24212962962962964 0.18046875 0.2449074074074074 0.17526041666666664 0.25509259259259254 0.16822916666666665 0.30462962962962964 0.1125 0.3060185185185185 0.103125 0.3037037037037037 0.09869791666666666 0.2953703703703704 0.10572916666666665 0.2935185185185185 0.11015625 0.28564814814814815 0.11484375 0.2773148148148148 0.12604166666666666 0.2685185185185185 0.13333333333333333 0.2638888888888889 0.13932291666666666 0.24722222222222218 0.15364583333333331 0.22407407407407404 0.18098958333333331 0.21805555555555553 0.18385416666666665 0.2134259259259259 0.19114583333333332 0.18888888888888888 0.2177083333333333 0.16898148148148145 0.24244791666666665 0.1560185185185185 0.25494791666666666 0.11666666666666665 0.30885416666666665 0.06157407407407407 0.37526041666666665 0.05694444444444444 0.37916666666666665 0.054629629629629625 0.38307291666666665 0.054629629629629625 0.3872395833333333 0.05 0.3885416666666667 0.04814814814814815 0.3903645833333333 0.032407407407407406 0.41171875 0.031018518518518518 0.41484375 0.033796296296296297 0.4184895833333333
1 0.4453703703703703 0.0609375 0.44907407407407407 0.06223958333333333 0.45185185185185184 0.065625 0.4574074074074074 0.06770833333333333 0.46018518518518514 0.0734375 0.46388888888888885 0.07421875 0.4666666666666666 0.0796875 0.4722222222222222 0.08046875 0.4768518518518518 0.08307291666666666 0.4962962962962963 0.10338541666666665 0.5087962962962963 0.11953125 0.5069444444444444 0.1234375 0.5115740740740741 0.12760416666666666 0.5157407407407407 0.12786458333333334 0.5120370370370371 0.13359375 0.5194444444444444 0.14114583333333333 0.5055555555555555 0.16744791666666664 0.5037037037037037 0.16822916666666665 0.5018518518518518 0.1796875 0.49490740740740735 0.19739583333333333 0.4916666666666666 0.2013020833333333 0.4842592592592593 0.2203125 0.475462962962963 0.23515625 0.46712962962962956 0.25885416666666666 0.44768518518518513 0.30078125 0.4393518518518518 0.32447916666666665 0.4291666666666666 0.3419270833333333 0.4273148148148148 0.3489583333333333 0.4231481481481481 0.35546875 0.4226851851851851 0.36015625 0.4171296296296296 0.3690104166666667 0.4143518518518518 0.38046875 0.40555555555555556 0.3963541666666667 0.40324074074074073 0.4080729166666666 0.35416666666666663 0.5221354166666666 0.35138888888888886 0.5294270833333333 0.3504629629629629 0.5393229166666667 0.3472222222222222 0.5424479166666666 0.34398148148148144 0.5497395833333333 0.34444444444444444 0.55390625 0.3388888888888889 0.56171875 0.3347222222222222 0.5640625 0.3324074074074074 0.5747395833333333 0.3282407407407407 0.5815104166666666 0.3282407407407407 0.5856770833333333 0.32407407407407407 0.5916666666666666 0.32407407407407407 0.5955729166666666 0.32037037037037036 0.5986979166666666 0.3263888888888889 0.6033854166666666 0.32407407407407407 0.60703125 0.31296296296296294 0.6143229166666666 0.3055555555555555 0.63046875 0.30277777777777776 0.646875 0.30416666666666664 0.6526041666666667 0.30092592592592593 0.6541666666666666 0.2962962962962963 0.6598958333333333 0.2912037037037037 0.6716145833333333 0.29166666666666663 0.6794270833333333 0.2930555555555555 0.6809895833333333 0.2967592592592593 0.6809895833333333 0.3 0.6822916666666666 0.3 0.68671875 0.3069444444444444 0.6895833333333333 0.3138888888888889 0.690625 0.31759259259259254 0.6895833333333333 0.3263888888888889 0.6609375 0.33194444444444443 0.6541666666666666 0.3361111111111111 0.6408854166666667 0.3402777777777778 0.6372395833333333 0.3398148148148148 0.6330729166666667 0.34259259259259256 0.6255208333333333 0.3486111111111111 0.6161458333333333 0.34814814814814815 0.60390625 0.3523148148148148 0.5994791666666666 0.35462962962962963 0.5893229166666666 0.35972222222222217 0.5809895833333333 0.36712962962962964 0.5604166666666666 0.37916666666666665 0.5346354166666666 0.3837962962962963 0.5153645833333333 0.3907407407407407 0.5049479166666666 0.3949074074074074 0.48828125 0.40694444444444444 0.46354166666666663 0.41203703703703703 0.44609375 0.4180555555555555 0.4359375 0.4231481481481481 0.4184895833333333 0.43425925925925923 0.3950520833333333 0.437962962962963 0.38151041666666663 0.44490740740740736 0.36640625 0.449537037037037 0.3489583333333333 0.475462962962963 0.2890625 0.48009259259259257 0.2734375 0.5032407407407408 0.22916666666666666 0.512962962962963 0.2020833333333333 0.5148148148148148 0.19244791666666666 0.5194444444444444 0.18567708333333333 0.5259259259259259 0.16796875 0.5282407407407408 0.16536458333333331 0.5300925925925926 0.16484375 0.5328703703703703 0.16588541666666665 0.5361111111111111 0.16484375 0.5347222222222222 0.15989583333333332 0.5398148148148147 0.15442708333333333 0.5416666666666666 0.14765625 0.5425925925925925 0.146875 0.5467592592592593 0.14713541666666666 0.55 0.14401041666666664 0.549074074074074 0.140625 0.5569444444444444 0.13828125 0.5731481481481481 0.13671875 0.5777777777777777 0.1390625 0.5814814814814815 0.1390625 0.5847222222222223 0.140625 0.5875 0.13984375 0.5953703703703703 0.14140625 0.5981481481481481 0.14348958333333334 0.5981481481481481 0.14765625 0.6018518518518519 0.14739583333333334 0.6078703703703703 0.14479166666666665 0.6129629629629629 0.14609375 0.6171296296296296 0.13776041666666666 0.6143518518518518 0.13203125 0.6231481481481481 0.12734375 0.6268518518518518 0.12890625 0.6333333333333333 0.12473958333333332 0.6328703703703703 0.11354166666666665 0.6361111111111111 0.11015625 0.6402777777777777 0.11041666666666665 0.6439814814814815 0.10442708333333332 0.6476851851851851 0.10286458333333333 0.649074074074074 0.09348958333333332 0.6509259259259259 0.09192708333333333 0.649074074074074 0.06744791666666666 0.6467592592592593 0.06484375 0.6476851851851851 0.060677083333333326 0.6444444444444444 0.05546875 0.6425925925925926 0.04348958333333333 0.6370370370370371 0.0390625 0.6361111111111111 0.0328125 0.599537037037037 0.005208333333333333 0.5893518518518518 0.00234375 0.5884259259259259 0 0.5263888888888888 0 0.524074074074074 0.003645833333333333 0.5180555555555555 0.005208333333333333 0.5087962962962963 0.004166666666666667 0.5018518518518518 0.0049479166666666664 0.4981481481481481 0.008333333333333333 0.499537037037037 0.012239583333333333 0.49722222222222223 0.01614583333333333 0.4893518518518518 0.01796875 0.47777777777777775 0.018229166666666664 0.46712962962962956 0.025260416666666664 0.46388888888888885 0.03229166666666666 0.4560185185185185 0.035416666666666666 0.44675925925925924 0.043229166666666666 0.4393518518518518 0.04609375 0.437962962962963 0.04817708333333333 0.43981481481481477 0.05651041666666666 0.4453703703703703 0.0609375
1 0.8601851851851852 0.16901041666666666 0.8662037037037036 0.19244791666666666 0.8708333333333332 0.20260416666666664 0.887962962962963 0.2731770833333333 0.9027777777777777 0.35494791666666664 0.9069444444444444 0.39557291666666666 0.9064814814814814 0.409375 0.9087962962962962 0.42296875 0.9101851851851851 0.4552083333333333 0.9092592592592592 0.5481770833333333 0.9064814814814814 0.5658854166666666 0.9064814814814814 0.5791666666666666 0.9037037037037037 0.58671875 0.9009259259259259 0.6083333333333333 0.9 0.6302083333333333 0.8935185185185185 0.66484375 0.8907407407407406 0.6713541666666666 0.888888888888889 0.6927083333333333 0.8925925925925926 0.69609375 0.900462962962963 0.6979166666666666 0.9013888888888888 0.6997395833333333 0.9148148148148147 0.7046875 0.9217592592592592 0.6981770833333333 0.9217592592592592 0.6953125 0.9180555555555555 0.6942708333333333 0.9166666666666666 0.6916666666666667 0.9171296296296296 0.6817708333333333 0.9180555555555555 0.6807291666666666 0.9212962962962962 0.6807291666666666 0.923148148148148 0.6786458333333333 0.9287037037037036 0.6479166666666666 0.9342592592592591 0.5369791666666666 0.9319444444444445 0.5229166666666666 0.9333333333333332 0.5057291666666666 0.9319444444444445 0.4390625 0.9254629629629629 0.3731770833333333 0.912037037037037 0.2997395833333333 0.9023148148148147 0.2591145833333333 0.899074074074074 0.25234375 0.8953703703703703 0.2309895833333333 0.8662037037037036 0.14739583333333334 0.8550925925925925 0.12473958333333332 0.8467592592592592 0.09895833333333333 0.8393518518518517 0.08489583333333332 0.8347222222222221 0.08151041666666667 0.8310185185185185 0.08255208333333333 0.8273148148148147 0.08046875 0.8268518518518517 0.0890625 0.8601851851851852 0.16901041666666666
1 0.7055555555555555 0.049479166666666664 0.7032407407407407 0.08177083333333332 0.7074074074074074 0.13046875 0.7083333333333333 0.19765625 0.7046296296296296 0.24947916666666664 0.7023148148148148 0.2606770833333333 0.7013888888888888 0.29880963541666666 0.6902777777777778 0.3989583333333333 0.6800925925925926 0.4588541666666666 0.6537037037037037 0.5640625 0.6458333333333333 0.6046875 0.6138888888888888 0.71640625 0.6138888888888888 0.7203125 0.6162037037037036 0.7216145833333333 0.6254629629629629 0.7236979166666666 0.6388888888888888 0.7247395833333333 0.6458333333333333 0.7239583333333333 0.6481481481481481 0.72109375 0.6611111111111111 0.6575520833333333 0.6671296296296296 0.64140625 0.6907407407407408 0.53046875 0.6949074074074073 0.51953125 0.7125 0.39921875 0.7143518518518518 0.3671875 0.7203703703703703 0.3161458333333333 0.7231481481481481 0.2171875 0.7212962962962963 0.15989583333333332 0.7143518518518518 0.08177083333333332 0.7171296296296296 0.03203125 0.7134259259259259 0.021614583333333333 0.7060185185185185 0.042708333333333334 0.7074074074074074 0.04739583333333333 0.7055555555555555 0.049479166666666664
1 0.137037037037037 0.6388020833333333 0.1412037037037037 0.63828125 0.14629629629629629 0.6416666666666666 0.1449074074074074 0.6466145833333333 0.14212962962962963 0.6473958333333333 0.14444444444444443 0.6479166666666666 0.1472222222222222 0.6471354166666666 0.1476851851851852 0.640625 0.15 0.6369791666666667 0.15416666666666665 0.6348958333333333 0.16203703703703703 0.6138020833333333 0.2013888888888889 0.5380208333333333 0.2064814814814815 0.53203125 0.2148148148148148 0.5143229166666666 0.22407407407407404 0.5041666666666667 0.2310185185185185 0.4875 0.23888888888888887 0.4768229166666666 0.24305555555555552 0.46640625 0.25324074074074077 0.45078125 0.2569444444444444 0.4419270833333333 0.2634259259259259 0.4356770833333333 0.27129629629629626 0.4190104166666666 0.28194444444444444 0.4098958333333333 0.28518518518518515 0.4005208333333333 0.29074074074074074 0.39322916666666663 0.2986111111111111 0.3768229166666667 0.3083333333333333 0.36666666666666664 0.31527777777777777 0.3546875 0.35 0.3109375 0.36527777777777776 0.28619791666666666 0.37777777777777777 0.27265625 0.43240740740740735 0.2028645833333333 0.43611111111111106 0.19609375 0.437037037037037 0.19010416666666666 0.43657407407407406 0.1875 0.43240740740740735 0.1859375 0.4291666666666666 0.1890625 0.4305555555555555 0.19270833333333331 0.42037037037037034 0.20651041666666664 0.40462962962962956 0.2255208333333333 0.3935185185185185 0.2348958333333333 0.3814814814814814 0.2518229166666667 0.37407407407407406 0.2583333333333333 0.33379629629629626 0.3153645833333333 0.28009259259259256 0.3833333333333333 0.24768518518518517 0.4354166666666666 0.2375 0.4505208333333333 0.23425925925925925 0.453125 0.18981481481481483 0.53125 0.17731481481481481 0.5505208333333333 0.1611111111111111 0.5802083333333333 0.15555555555555553 0.59375 0.14675925925925926 0.6078125 0.14074074074074075 0.6231770833333333 0.14166666666666666 0.62578125 0.1361111111111111 0.6315104166666666 0.13472222222222222 0.6375 0.137037037037037 0.6388020833333333
1 0.3384259259259259 0.6299479166666666 0.336574074074074 0.6440104166666666 0.33425925925925926 0.6471354166666666 0.3347222222222222 0.6510416666666666 0.3384259259259259 0.65078125 0.3393518518518518 0.6458333333333333 0.3523148148148148 0.63359375 0.3537037037037037 0.6247395833333333 0.36527777777777776 0.6020833333333333 0.3726851851851852 0.5919270833333333 0.3851851851851852 0.5638020833333333 0.3875 0.55625 0.3837962962962963 0.5533854166666666 0.37731481481481477 0.5546875 0.3726851851851852 0.5583333333333333 0.3592592592592593 0.5776041666666666 0.36018518518518516 0.5809895833333333 0.3555555555555555 0.5848958333333333 0.3486111111111111 0.5984375 0.3458333333333333 0.6057291666666667 0.3472222222222222 0.6088541666666666 0.3398148148148148 0.6231770833333333 0.34074074074074073 0.6260416666666666 0.3384259259259259 0.6299479166666666
1 0.02361111111111111 0.6309895833333333 0.029166666666666664 0.6283854166666666 0.04444444444444444 0.6026041666666666 0.04768518518518518 0.59375 0.05416666666666666 0.5848958333333333 0.062037037037037036 0.5658854166666666 0.08472222222222223 0.5328125 0.08842592592592592 0.521875 0.09212962962962963 0.5190104166666666 0.0912037037037037 0.5177083333333333 0.09537037037037036 0.5153645833333333 0.09537037037037036 0.5015625 0.09166666666666666 0.5041666666666667 0.09212962962962963 0.50625 0.08796296296296295 0.50859375 0.07870370370370369 0.5268229166666666 0.07407407407407407 0.52890625 0.0736111111111111 0.53125 0.07083333333333333 0.5330729166666666 0.04675925925925926 0.57109375 0.017129629629629627 0.6252604166666667 0.01574074074074074 0.6302083333333333 0.02361111111111111 0.6309895833333333
1 0.38055555555555554 0.5432291666666667 0.38657407407407407 0.5458333333333333 0.39120370370370366 0.5455729166666666 0.39398148148148143 0.5440104166666666 0.40092592592592585 0.53125 0.4027777777777778 0.5221354166666666 0.4078703703703703 0.5158854166666667 0.41620370370370374 0.49609375 0.43425925925925923 0.46354166666666663 0.45925925925925926 0.4046875 0.4708333333333333 0.38541666666666663 0.4736111111111111 0.3765625 0.48287037037037034 0.36041666666666666 0.49027777777777776 0.3403645833333333 0.5175925925925926 0.290625 0.5430555555555555 0.23046875 0.5458333333333333 0.2270833333333333 0.5824074074074074 0.20338541666666665 0.5800925925925926 0.20026041666666666 0.5824074074074074 0.19739583333333333 0.5851851851851851 0.18567708333333333 0.5824074074074074 0.17916666666666664 0.5824074074074074 0.16770833333333332 0.5694444444444444 0.16328125 0.5717592592592593 0.15729166666666666 0.5759259259259258 0.15598958333333332 0.5763888888888888 0.15442708333333333 0.5745370370370371 0.153125 0.5726851851851851 0.15364583333333331 0.5666666666666667 0.15234375 0.5638888888888889 0.15026041666666665 0.5606481481481481 0.15234375 0.5532407407407407 0.153125 0.549074074074074 0.15703125 0.5509259259259258 0.16197916666666665 0.549074074074074 0.16380208333333332 0.548148148148148 0.1734375 0.5509259259259258 0.17630208333333333 0.549537037037037 0.17864583333333334 0.5518518518518518 0.18125 0.549074074074074 0.18489583333333331 0.5513888888888888 0.1921875 0.548148148148148 0.19505208333333332 0.5393518518518519 0.19583333333333333 0.5375 0.2203125 0.5203703703703704 0.25885416666666666 0.5125 0.27213541666666663 0.4898148148148148 0.32109375 0.4773148148148148 0.33984375 0.47407407407407404 0.3419270833333333 0.4643518518518518 0.3661458333333333 0.44768518518518513 0.396875 0.4393518518518518 0.4184895833333333 0.42824074074074076 0.4388020833333333 0.4268518518518518 0.4450520833333333 0.41388888888888886 0.465625 0.40092592592592585 0.4981770833333333 0.3888888888888889 0.51953125 0.38564814814814813 0.5283854166666666 0.37962962962962965 0.53671875 0.37870370370370365 0.5403645833333333 0.38055555555555554 0.5432291666666667
1 0.5527777777777778 0.5653645833333333 0.5222222222222223 0.6638020833333333 0.5222222222222223 0.665625 0.5296296296296296 0.6723958333333333 0.5365740740740741 0.671875 0.5398148148148147 0.6630208333333333 0.5439814814814815 0.6388020833333333 0.5773148148148148 0.5192708333333333 0.586111111111111 0.4731770833333333 0.5902777777777778 0.4622395833333333 0.5939814814814814 0.4380208333333333 0.5986111111111111 0.4223958333333333 0.6231481481481481 0.29140625 0.6212962962962962 0.2947916666666667 0.6189814814814815 0.29557291666666663 0.6185185185185185 0.29921875 0.6157407407407407 0.3 0.6097222222222223 0.33203125 0.6013888888888889 0.35572916666666665 0.586111111111111 0.4328125 0.5527777777777778 0.5653645833333333
1 0.055092592592592596 0.5703125 0.05648148148148148 0.5736979166666666 0.055092592592592596 0.5778645833333333 0.05694444444444444 0.578125 0.05787037037037037 0.5723958333333333 0.06388888888888888 0.5627604166666667 0.06435185185185185 0.5591145833333333 0.06759259259259259 0.5578125 0.08148148148148147 0.5385416666666666 0.0962962962962963 0.5125 0.11018518518518519 0.49479166666666663 0.11759259259259258 0.4796875 0.1310185185185185 0.46015625 0.13796296296296295 0.4533854166666666 0.17314814814814813 0.4080729166666666 0.1759259259259259 0.3997395833333333 0.1837962962962963 0.3942708333333333 0.18703703703703703 0.3872395833333333 0.19398148148148148 0.3802083333333333 0.199537037037037 0.3692708333333333 0.23009259259259257 0.32838541666666665 0.23425925925925925 0.3263020833333333 0.23425925925925925 0.3203125 0.22222222222222224 0.328125 0.21944444444444441 0.33307291666666666 0.20277777777777778 0.35078125 0.12962962962962962 0.44609375 0.08148148148148147 0.5153645833333333 0.06805555555555555 0.5408854166666666 0.05138888888888889 0.5643229166666666 0.05 0.56796875 0.055092592592592596 0.5703125
1 0 0.1796875 0.004629629629629629 0.17890625 0.025925925925925925 0.16588541666666665 0.04212962962962963 0.15338541666666666 0.0537037037037037 0.14739583333333334 0.08935185185185185 0.12239583333333333 0.1509259259259259 0.08932291666666667 0.15277777777777776 0.08567708333333332 0.15185185185185185 0.08359375 0.1361111111111111 0.0875 0.11388888888888889 0.096875 0.0912037037037037 0.10963541666666665 0.08796296296296295 0.11328125 0.05416666666666666 0.13385416666666666 0.03194444444444444 0.15052083333333333 0.0037037037037037034 0.16770833333333332 0 0.1703125 0 0.1796875
1 0.09768518518518518 0.61953125 0.09861111111111111 0.6244791666666666 0.10462962962962963 0.6231770833333333 0.10509259259259258 0.6197916666666666 0.10925925925925925 0.6158854166666666 0.11759259259259258 0.5986979166666666 0.12083333333333332 0.5861979166666667 0.12314814814814815 0.58515625 0.1300925925925926 0.5721354166666666 0.13472222222222222 0.559375 0.137037037037037 0.5580729166666666 0.14398148148148146 0.5458333333333333 0.16712962962962963 0.49921875 0.17314814814814813 0.4911458333333333 0.20694444444444443 0.42890625 0.2074074074074074 0.425 0.22777777777777777 0.3872395833333333 0.2287037037037037 0.3828125 0.23425925925925925 0.37578125 0.23796296296296293 0.36484375 0.24305555555555552 0.359375 0.24305555555555552 0.35703125 0.24907407407407406 0.3489583333333333 0.24907407407407406 0.3458333333333333 0.2518518518518518 0.34401041666666665 0.2564814814814815 0.33359375 0.2587962962962963 0.3317708333333333 0.2583333333333333 0.3302083333333333 0.25555555555555554 0.3302083333333333 0.24953703703703703 0.33515625 0.23425925925925925 0.3559895833333333 0.2287037037037037 0.3661458333333333 0.22824074074074074 0.3700520833333333 0.22175925925925927 0.3765625 0.21944444444444441 0.3825520833333333 0.21990740740740738 0.3875 0.2111111111111111 0.39869791666666665 0.2064814814814815 0.39947916666666666 0.20601851851851852 0.4052083333333333 0.20324074074074075 0.4078125 0.20416666666666666 0.41171875 0.2013888888888889 0.4161458333333333 0.19722222222222222 0.4223958333333333 0.1925925925925926 0.42421875 0.1912037037037037 0.4270833333333333 0.18888888888888888 0.4278645833333333 0.18194444444444444 0.4395833333333333 0.18101851851851852 0.44453125 0.1787037037037037 0.4450520833333333 0.175 0.4489583333333333 0.17685185185185184 0.4526041666666666 0.17175925925925925 0.45572916666666663 0.16805555555555554 0.4661458333333333 0.17222222222222222 0.4705729166666666 0.1685185185185185 0.4770833333333333 0.16712962962962963 0.4776041666666666 0.1611111111111111 0.4763020833333333 0.15740740740740738 0.48046875 0.15555555555555553 0.4841145833333333 0.1537037037037037 0.5041666666666667 0.15046296296296297 0.5083333333333333 0.15138888888888888 0.5122395833333333 0.13657407407407407 0.5364583333333333 0.1375 0.53828125 0.12962962962962962 0.5497395833333333 0.11527777777777777 0.5776041666666666 0.11111111111111112 0.59444453125 0.09768518518518518 0.61953125