1 0.6361111111111111 0.10520833333333332 0.6361111111111111 0.11302083333333332 0.7875 0.4815104166666666 0.7875 0.4950520833333333 0.7851851851851851 0.5049479166666666 0.7875 0.5286458333333333 0.787037037037037 0.571875 0.7837962962962963 0.5919270833333333 0.7851851851851851 0.6140625 0.7791666666666666 0.646875 0.7782407407407407 0.6828125 0.7759259259259259 0.6872395833333333 0.7763888888888888 0.6934895833333333 0.7703703703703704 0.71796875 0.7791666666666666 0.7208333333333333 0.7837962962962963 0.7205729166666666 0.799074074074074 0.7239583333333333 0.8069444444444445 0.72421875 0.8101851851851851 0.7104166666666666 0.8087962962962962 0.696875 0.811574074074074 0.6869791666666666 0.8143518518518518 0.6346354166666666 0.8157407407407407 0.5763020833333333 0.8148148148148147 0.4934895833333333 0.812962962962963 0.4734375 0.813425925925926 0.4578125 0.8157407407407407 0.4528645833333333 0.812962962962963 0.44375 0.813425925925926 0.4252604166666666 0.8111111111111111 0.421875 0.8125 0.4111979166666666 0.8101851851851851 0.4072916666666666 0.811574074074074 0.39713541666666663 0.8097222222222221 0.38619791666666664 0.8111111111111111 0.38359375 0.8074074074074075 0.3638020833333333 0.8055555555555556 0.32734375 0.8 0.28072916666666664 0.799074074074074 0.25651041666666663 0.7967592592592593 0.2458333333333333 0.8023148148148147 0.24322916666666666 0.8037037037037036 0.24479166666666666 0.8351851851851851 0.24635416666666665 0.8569444444444445 0.2419270833333333 0.8731481481481481 0.22421875 0.8967592592592591 0.2263020833333333 0.8972222222222221 0.2270833333333333 0.9018518518518517 0.22395833333333331 0.9037037037037037 0.21953125 0.9180555555555555 0.21328125 0.9212962962962962 0.2028645833333333 0.9185185185185185 0.2028645833333333 0.9152777777777776 0.2013020833333333 0.9041666666666666 0.20182291666666666 0.8972222222222221 0.19973958333333333 0.8921296296296296 0.20104166666666665 0.887962962962963 0.19947916666666665 0.8833333333333332 0.19921875 0.8625 0.21119791666666665 0.8435185185185186 0.2091145833333333 0.8287037037037036 0.20338541666666665 0.8212962962962962 0.203125 0.8162037037037037 0.19817708333333334 0.8199074074074074 0.18645833333333334 0.826388888888889 0.17864583333333334 0.825925925925926 0.175 0.8203703703703702 0.16848958333333333 0.8199074074074074 0.16276041666666666 0.8240740740740741 0.15885416666666666 0.8347222222222221 0.15755208333333331 0.8476851851851851 0.15390625 0.849537037037037 0.14583333333333331 0.8564814814814815 0.14036458333333332 0.8587962962962962 0.13489583333333333 0.8699074074074075 0.13046875 0.8763888888888889 0.12552083333333333 0.8782407407407407 0.12317708333333333 0.8763888888888889 0.11380208333333333 0.8773148148148147 0.10520833333333332 0.8689814814814815 0.1 0.8662037037037036 0.09192708333333333 0.8574074074074074 0.08723958333333333 0.8490740740740741 0.07552083333333333 0.837037037037037 0.07083333333333333 0.8296296296296296 0.06380208333333333 0.8245370370370371 0.055208333333333325 0.8138888888888889 0.046614583333333334 0.8 0.03958333333333333 0.7898148148148147 0.03697916666666666 0.7814814814814814 0.039322916666666666 0.7680555555555555 0.03854166666666666 0.7509259259259259 0.03359375 0.7402777777777778 0.027604166666666662 0.7328703703703703 0.02682291666666666 0.7277777777777777 0.028125 0.7162037037037037 0.039322916666666666 0.6509259259259259 0.07473958333333333 0.6439814814814815 0.08125 0.6421296296296296 0.08541666666666667 0.6356481481481481 0.08854166666666666 0.6319444444444444 0.09348958333333332 0.6319444444444444 0.09895833333333333 0.6361111111111111 0.10520833333333332
1 0.08518518518518518 0.6690104166666666 0.09166666666666666 0.671875 0.10648148148148147 0.67421875 0.10879629629629628 0.6729166666666666 0.10972222222222221 0.6692708333333333 0.11342592592592593 0.64296875 0.11944444444444444 0.6223958333333333 0.13148148148148148 0.5578125 0.13657407407407407 0.55 0.14907407407407408 0.5111979166666666 0.1726851851851852 0.44765625 0.19027777777777777 0.4059895833333333 0.19768518518518516 0.39401041666666664 0.20601851851851852 0.36875 0.21712962962962962 0.34713541666666664 0.22962962962962963 0.31796875 0.23009259259259257 0.31328125 0.24953703703703703 0.2731770833333333 0.27037037037037037 0.2325520833333333 0.3037037037037037 0.17838541666666666 0.3282407407407407 0.13229166666666664 0.3324074074074074 0.12708333333333333 0.3361111111111111 0.11640625 0.3324074074074074 0.1125 0.31712962962962965 0.13359375 0.31666666666666665 0.13697916666666665 0.312037037037037 0.14088541666666665 0.24722222222222218 0.24348958333333331 0.23055555555555554 0.27265625 0.1949074074074074 0.34401041666666665 0.18703703703703703 0.3630208333333333 0.1787037037037037 0.3770833333333333 0.15185185185185185 0.4388020833333333 0.125 0.50859375 0.08796296296296295 0.6325520833333333 0.08657407407407407 0.6463541666666666 0.08379629629629629 0.6528645833333333 0.08333333333333333 0.6651041666666666 0.08518518518518518 0.6690104166666666
1 0.2513888888888889 0.6794270833333333 0.25416666666666665 0.6786458333333333 0.274537037037037 0.5828125 0.2847222222222222 0.546875 0.3023148148148148 0.4572916666666666 0.3097222222222222 0.4338541666666666 0.3134259259259259 0.4091145833333333 0.3263888888888889 0.35234375 0.33425925925925926 0.30729166666666663 0.3347222222222222 0.29921875 0.33148148148148143 0.29453125 0.32314814814814813 0.31328125 0.31851851851851853 0.3375 0.25509259259259254 0.5921875 0.24768518518518517 0.6291666666666667 0.2361111111111111 0.6635416666666666 0.2361111111111111 0.6752604166666666 0.2513888888888889 0.6794270833333333
1 0.17777777777777776 0.6526041666666667 0.18194444444444444 0.6541666666666666 0.18518518518518517 0.6526041666666667 0.1861111111111111 0.6502604166666666 0.20046296296296293 0.56328125 0.21527777777777776 0.5072916666666666 0.22407407407407404 0.4783854166666666 0.23657407407407405 0.4489583333333333 0.2458333333333333 0.4192708333333333 0.24768518518518517 0.4182291666666666 0.24768518518518517 0.4145833333333333 0.2449074074074074 0.41484375 0.2398148148148148 0.4239583333333333 0.23379629629629628 0.4375 0.2324074074074074 0.4453125 0.21990740740740738 0.4669270833333333 0.21574074074074073 0.4877604166666666 0.20462962962962963 0.5190104166666666 0.18194444444444444 0.6197916666666666 0.17685185185185184 0.6505208333333333 0.17777777777777776 0.6526041666666667
1 0.21018518518518517 0.6549479166666666 0.2134259259259259 0.6549479166666666 0.21574074074074073 0.6515625 0.22824074074074074 0.60234375 0.24305555555555552 0.5200520833333333 0.2509259259259259 0.4921875 0.25046296296296294 0.4861979166666666 0.25324074074074077 0.478125 0.25416666666666665 0.46484375 0.26435185185185184 0.434375 0.2648148148148148 0.4278645833333333 0.262037037037037 0.4239583333333333 0.2587962962962963 0.42890625 0.25046296296296294 0.4526041666666666 0.24907407407407406 0.4640625 0.24027777777777776 0.49453125 0.24074074074074076 0.4984375 0.2208333333333333 0.5932291666666666 0.2134259259259259 0.6192708333333333 0.21064814814814814 0.6369791666666667 0.2064814814814815 0.6458333333333333 0.2064814814814815 0.6518229166666666 0.21018518518518517 0.6549479166666666
1 0.6361111111111111 0.5559028645833333 0.6296296296296295 0.6049479166666666 0.6268518518518518 0.6549479166666666 0.6217592592592592 0.6752604166666666 0.6180555555555556 0.7052083333333333 0.6194444444444444 0.7109375 0.6333333333333333 0.7135416666666666 0.6370370370370371 0.7130208333333333 0.6384259259259258 0.71015625 0.6416666666666666 0.68984375 0.6458333333333333 0.6244080729166666 0.6523148148148148 0.5661458333333333 0.6597222222222221 0.4434895833333333 0.6606481481481481 0.35807291666666663 0.6592592592592592 0.3356770833333333 0.6601851851851851 0.3079427083333333 0.6625 0.296875 0.6611111111111111 0.2841145833333333 0.6625 0.26953125 0.662037037037037 0.2130208333333333 0.6606481481481481 0.21041666666666664 0.662037037037037 0.1984375 0.6578703703703703 0.18125 0.6541666666666666 0.18463541666666666 0.6527777777777778 0.18854166666666666 0.6439814814814815 0.4690104166666666 0.6361111111111111 0.5559028645833333
1 0.8898148148148147 0.2544270833333333 0.8921296296296296 0.2584200520833333 0.8912037037037036 0.26197916666666665 0.8953703703703703 0.27057291666666666 0.899074074074074 0.271875 0.8958333333333333 0.27604166666666663 0.899537037037037 0.27760416666666665 0.9041666666666666 0.2903645833333333 0.9092592592592592 0.29296875 0.9106481481481481 0.2973958333333333 0.9138888888888888 0.2981770833333333 0.9138888888888888 0.3005208333333333 0.9166666666666666 0.30338541666666663 0.9148148148148147 0.3067708333333333 0.9171296296296296 0.309375 0.9162037037037036 0.3140625 0.9189814814814815 0.3177083333333333 0.923611111111111 0.33125 0.9314814814814815 0.34010416666666665 0.9398148148148147 0.3552083333333333 0.9476851851851851 0.38385416666666666 0.9578703703703703 0.4075520833333333 0.9638888888888888 0.4286458333333333 0.9787037037037036 0.5041666666666667 0.9847222222222222 0.56015625 0.9875 0.6510416666666666 0.9902777777777777 0.6614583333333333 0.9912037037037036 0.6619791666666666 0.9944444444444445 0.6606770833333333 0.999537037037037 0.6627604166666666 0.999537037037037 0.5346354166666666 0.9967592592592591 0.5302083333333333 0.9967592592592591 0.51015625 0.9944444444444445 0.496875 0.9768518518518517 0.4255208333333333 0.9583333333333333 0.3747395833333333 0.9560185185185185 0.36354166666666665 0.9444444444444444 0.33828125 0.9430555555555555 0.32734375 0.9157407407407406 0.2653645833333333 0.9143518518518517 0.2645833333333333 0.912962962962963 0.26640625 0.9092592592592592 0.26640625 0.9009259259259259 0.2606770833333333 0.9023148148148147 0.25703125 0.9050925925925926 0.2552083333333333 0.9023148148148147 0.25104166666666666 0.900462962962963 0.25026041666666665 0.899074074074074 0.2520833333333333 0.8925925925925926 0.2515625 0.8925925925925926 0.253125 0.8898148148148147 0.2544270833333333
1 0.850925925925926 0.41484375 0.8421296296296296 0.4221354166666666 0.85 0.4309895833333333 0.8467592592592592 0.44609375 0.8537037037037036 0.4979166666666666 0.851388888888889 0.5013020833333333 0.8518518518518517 0.5059895833333333 0.8537037037037036 0.5088541666666666 0.8587962962962962 0.5119791666666667 0.862037037037037 0.5130208333333333 0.8768518518518518 0.5125 0.887962962962963 0.5184895833333333 0.8921296296296296 0.5223958333333333 0.8870370370370371 0.5299479166666666 0.8865740740740741 0.5338541666666666 0.8962962962962961 0.5375 0.899537037037037 0.54296875 0.899074074074074 0.596875 0.8949074074074075 0.6169270833333333 0.8949074074074075 0.640625 0.8898148148148147 0.6653645833333333 0.8861111111111111 0.6682291666666667 0.8814814814814815 0.6752604166666666 0.8800925925925925 0.6838541666666667 0.8763888888888889 0.6919270833333333 0.8837962962962962 0.6994791666666667 0.8907407407407406 0.7 0.8935185185185185 0.6994791666666667 0.8976851851851851 0.69609375 0.9009259259259259 0.69609375 0.9032407407407407 0.6947916666666666 0.9078703703703702 0.6901041666666666 0.9055555555555556 0.6859375 0.9083333333333332 0.6786458333333333 0.9055555555555556 0.66875 0.9055555555555556 0.6611979166666666 0.9087962962962962 0.6479166666666666 0.9101851851851851 0.5370536458333334 0.9125 0.5330729166666666 0.9268518518518517 0.5229166666666666 0.9356481481481481 0.5109375 0.950462962962963 0.5015625 0.9513888888888887 0.4973958333333333 0.9601851851851851 0.4877604166666666 0.9601851851851851 0.4802083333333333 0.9648148148148147 0.4736979166666666 0.9648148148148147 0.4684895833333333 0.9578703703703703 0.4533854166666666 0.9597222222222221 0.4424479166666666 0.9578703703703703 0.4369791666666666 0.9560185185185185 0.4359375 0.9574074074074075 0.43229166666666663 0.9513888888888887 0.4278645833333333 0.9513888888888887 0.425 0.9472222222222222 0.4182291666666666 0.9393518518518518 0.41666666666666663 0.9328703703703702 0.4138020833333333 0.9291666666666666 0.4138020833333333 0.9194444444444445 0.4080729166666666 0.9162037037037036 0.3934895833333333 0.9185185185185185 0.38671875 0.913425925925926 0.3802083333333333 0.9148148148148147 0.3763020833333333 0.9087962962962962 0.3716145833333333 0.9083333333333332 0.3690104166666667 0.9037037037037037 0.3684895833333333 0.900462962962963 0.365625 0.8907407407407406 0.36328125 0.8870370370370371 0.3669270833333333 0.8833333333333332 0.36666666666666664 0.8773148148148147 0.36822916666666666 0.8736111111111111 0.3723958333333333 0.8699074074074075 0.37265625 0.8629629629629629 0.37604166666666666 0.8555555555555555 0.3825520833333333 0.8541666666666666 0.3875 0.8453703703703702 0.39713541666666663 0.8430555555555556 0.4041666666666666 0.850925925925926 0.4130208333333333 0.850925925925926 0.41484375
1 0.5013888888888889 0.6192708333333333 0.5013888888888889 0.6302083333333333 0.5027777777777778 0.6302083333333333 0.5046296296296295 0.6299479166666666 0.5083333333333333 0.6239583333333333 0.5175925925925926 0.5666666666666667 0.5435185185185185 0.4606770833333333 0.5513888888888888 0.4208333333333333 0.5569444444444444 0.3755208333333333 0.5606481481481481 0.3630208333333333 0.5643518518518518 0.33671875 0.5652777777777778 0.31901041666666663 0.5606481481481481 0.3140625 0.5601851851851851 0.32447916666666665 0.5555555555555556 0.3416666666666667 0.5550925925925926 0.35390625 0.5509259259259258 0.3669270833333333 0.5421296296296296 0.42057291666666663 0.512962962962963 0.5390625 0.5 0.60078125 0.499537037037037 0.61328125 0.5013888888888889 0.6192708333333333
1 0.38657407407407407 0.5981770833333333 0.3902777777777778 0.59921875 0.39398148148148143 0.5942708333333333 0.39768518518518514 0.58125 0.40555555555555556 0.5427083333333333 0.4263888888888888 0.4606770833333333 0.4356481481481481 0.4432291666666666 0.4356481481481481 0.4296875 0.4384259259259259 0.4174479166666666 0.4421296296296296 0.4114583333333333 0.44259259259259254 0.403125 0.4375 0.40625 0.43425925925925923 0.4111979166666666 0.4300925925925926 0.42447916666666663 0.4300925925925926 0.4359375 0.4226851851851851 0.4458333333333333 0.41342592592592586 0.4736979166666666 0.40092592592592585 0.52265625 0.3986111111111111 0.5395833333333333 0.3902777777777778 0.5658854166666666 0.3851851851851852 0.5890625 0.3851851851851852 0.5963541666666666 0.38657407407407407 0.5981770833333333
1 0.33148148148148143 0.6604166666666667 0.33194444444444443 0.66171875 0.3379629629629629 0.6635416666666666 0.3416666666666667 0.6619791666666666 0.34259259259259256 0.6598958333333333 0.3518518518518518 0.60625 0.3569444444444444 0.5893229166666666 0.3648148148148148 0.5494791666666666 0.3828703703703703 0.4955729166666666 0.3902777777777778 0.48125 0.40092592592592585 0.4447916666666666 0.40092592592592585 0.43619791666666663 0.39768518518518514 0.4377604166666666 0.39398148148148143 0.4442708333333333 0.387037037037037 0.47135416666666663 0.3782407407407407 0.4934895833333333 0.37037037037037035 0.5075520833333333 0.36064814814814816 0.5359375 0.3458333333333333 0.6013020833333333 0.3412037037037037 0.6127604166666666 0.3379629629629629 0.6388020833333333 0.33148148148148143 0.6604166666666667