1 0.88203125 0.06527777777777778 0.8815104166666666 0.2564814814814815 0.8802083333333333 0.27175925925925926 0.8809895833333332 0.275 0.8809895833333332 0.29166666666666663 0.87890625 0.33287037037037037 0.8783854166666666 0.3782407407407407 0.8763020833333333 0.4064814814814815 0.8763020833333333 0.4263888888888888 0.8736979166666666 0.45972222222222225 0.8734375 0.5342592592592592 0.8692708333333332 0.5662037037037037 0.8635416666666667 0.6611111111111111 0.8666666666666666 0.6648148148148147 0.9013020833333332 0.6685185185185185 0.9052083333333332 0.6643518518518519 0.909375 0.6425925925925926 0.9104166666666667 0.6296296296296295 0.9104166666666667 0.5703703703703703 0.91328125 0.5513888888888888 0.9130208333333332 0.5157407407407407 0.9145833333333332 0.49490740740740735 0.9171875 0.41527777777777775 0.9169270833333332 0.3898148148148148 0.91796875 0.387037037037037 0.9182291666666667 0.375 0.9169270833333332 0.36342592592592593 0.91796875 0.3453703703703704 0.9158854166666666 0.32152777777777775 0.9177083333333332 0.30277777777777776 0.91640625 0.2898148148148148 0.9151041666666666 0.2861111111111111 0.9158854166666666 0.25509259259259254 0.9169270833333332 0.24814814814814815 0.915625 0.2444444444444444 0.9158854166666666 0.22592592592592592 0.91484375 0.21018518518518517 0.915625 0.1759259259259259 0.9151041666666666 0.10570972222222222 0.9166666666666666 0.0662037037037037 0.9140625 0.04675925925925926 0.9151041666666666 0.03287037037037037 0.9190104166666666 0.02638888888888889 0.9190104166666666 0.02222222222222222 0.9161458333333332 0 0.8794270833333332 0 0.8791666666666667 0.004166666666666667 0.88046875 0.050462962962962966 0.88203125 0.06527777777777778
1 0.56875 0 0.5859375 0 0.5859375 0.025 0.584375 0.0265625 0.58125 0.09375 0.578125 0.1078125 0.575 0.178125 0.5703125 0.209375 0.571875 0.2203125 0.56875 0.2375 0.56875 0.2640625 0.565625 0.278125 0.5640625 0.3234375 0.5609375 0.33125 0.5609375 0.3609375 0.5578125 0.3671875 0.5546875 0.3921875 0.5546875 0.41875 0.553125 0.4203125 0.5546875 0.4359375 0.5484375 0.5 0.5484375 0.5265625 0.546875 0.5328125 0.5421875 0.534375 0.5375 0.53125 0.528125 0.5296875 0.525 0.5265625 0.5234375 0.51875 0.5265625 0.465625 0.53125 0.4390625 0.53125 0.421875 0.5359375 0.4 0.5375 0.3546875 0.5421875 0.3296875 0.5421875 0.2953125 0.546875 0.2578125 0.546875 0.2375 0.55 0.23125 0.553125 0.2125 0.55625 0.165625 0.5609375 0.1328125 0.5625 0.0671875 0.56875 0.0015625
1 0.0453125 0 0.0640625 0 0.0640625 0.009375 0.0578125 0.0296875 0.0578125 0.0421875 0.0484375 0.071875 0.05 0.084375 0.04375 0.1015625 0.04375 0.1234375 0.0375 0.140625 0.0296875 0.1890625 0.0265625 0.2140625 0.028125 0.2203125 0.025 0.234375 0.025 0.2703125 0.0234375 0.275 0.015625 0.2828125 0.0109375 0.284375 0.0046875 0.29375 0 0.2953125 0 0.2296875 0.003125 0.228125 0.00625 0.1953125 0.009375 0.184375 0.009375 0.165625 0.021875 0.1125 0.021875 0.0984375 0.03125 0.06875 0.0359375 0.0359375 0.0453125 0.0015625
1 0.7859375 0 0.790625 0 0.7921875 0.1671875 0.7890625 0.196875 0.7890625 0.253125 0.7875 0.2546875 0.7890625 0.265625 0.7875 0.2671875 0.7875 0.3015625 0.784375 0.3265625 0.7859375 0.3328125 0.784375 0.334375 0.784375 0.375 0.7828125 0.3765625 0.7828125 0.4078125 0.78125 0.409375 0.78125 0.4578125 0.7796875 0.459375 0.78125 0.4640625 0.778125 0.4890625 0.778125 0.515625 0.775 0.5203125 0.7734375 0.5296875 0.771875 0.5734375 0.76875 0.5859375 0.765625 0.5890625 0.7609375 0.5875 0.7625 0.55 0.7640625 0.5484375 0.765625 0.471875 0.771875 0.4078125 0.771875 0.3453125 0.775 0.334375 0.7765625 0.2984375 0.778125 0.296875 0.778125 0.246875 0.78125 0.2203125 0.7796875 0.2109375 0.7796875 0.19375 0.78125 0.1921875 0.7796875 0.190625 0.78125 0.1875 0.7796875 0.115625 0.7828125 0.0953125 0.78125 0.0765625 0.784375 0.0625 0.784375 0.0046875 0.7859375 0.0015625
1 0.09791666666666667 0.13935185185185184 0.10104166666666665 0.1384259259259259 0.10208333333333333 0.13518518518518519 0.121875 0 0.11614583333333332 0 0.10859375 0.050925925925925916 0.10520833333333332 0.06342592592592591 0.1046875 0.075 0.09609375 0.13194444444444445 0.09583333333333333 0.13657407407407407 0.09791666666666667 0.13935185185185184
1 0.13359375 0.24907407407407406 0.13723958333333333 0.24722222222222218 0.13776041666666666 0.23379629629629628 0.14401041666666664 0.21388888888888888 0.14557291666666666 0.19583333333333333 0.15130208333333334 0.16203703703703703 0.15364583333333331 0.13425925925925924 0.16067708333333333 0.08935185185185185 0.16614583333333333 0.04583333333333333 0.1703125 0.025 0.17265625 0 0.16458333333333333 0 0.16067708333333333 0.015277777777777776 0.15703125 0.050462962962962966 0.1484375 0.10231481481481482 0.14765625 0.11481481481481481 0.13229166666666664 0.20972222222222223 0.13151041666666666 0.22824074074074074 0.13359375 0.24907407407407406
1 0.22213541666666664 0.40740740740740733 0.22682291666666665 0.41527777777777775 0.2294270833333333 0.41527777777777775 0.23072916666666665 0.4148148148148148 0.2325520833333333 0.38564814814814813 0.2348958333333333 0.37361111111111106 0.23567708333333331 0.3569444444444444 0.2421875 0.3347222222222222 0.24479166666666666 0.33148148148148143 0.24348958333333331 0.3277777777777778 0.2453125 0.324537037037037 0.24791666666666665 0.3138888888888889 0.28125 0.06388888888888888 0.2809895833333333 0.06018518518518519 0.28463541666666664 0.04675925925925926 0.2880208333333333 0.017129629629629627 0.2903645833333333 0.008796296296296297 0.29140625 0 0.2841145833333333 0 0.27578125 0.035648148148148144 0.2653645833333333 0.10833333333333332 0.26119791666666664 0.12638888888888888 0.2596354166666667 0.14027777777777778 0.2515625 0.18148148148148147 0.24739583333333331 0.22361111111111112 0.2442708333333333 0.23379629629629628 0.2421875 0.2458333333333333 0.2419270833333333 0.25925925925925924 0.2388020833333333 0.2689814814814815 0.22682291666666665 0.34907407407407404 0.22604166666666664 0.37407407407407406 0.22213541666666664 0.40740740740740733
1 0.15078125 0.3208333333333333 0.15182291666666664 0.3055555555555555 0.1546875 0.29722222222222217 0.15442708333333333 0.29074074074074074 0.15104166666666666 0.29259259259259257 0.14947916666666666 0.3138888888888889 0.14739583333333334 0.31712962962962965 0.14739583333333334 0.32314814814814813 0.15078125 0.3208333333333333
1 0.15364583333333331 0.25324074074074077 0.15234375 0.2699074074074074 0.15104166666666666 0.2722222222222222 0.15442708333333333 0.28379629629629627 0.1578125 0.2722222222222222 0.1578125 0.26435185185185184 0.16276041666666666 0.23009259259259257 0.16458333333333333 0.2208333333333333 0.16666666666666666 0.21666666666666665 0.17161458333333332 0.18564814814814815 0.17239583333333333 0.17916666666666664 0.171875 0.16712962962962963 0.17395833333333333 0.1472222222222222 0.18255208333333334 0.10277777777777777 0.18671875 0.0685185185185185 0.1890625 0.06064814814814814 0.19322916666666665 0.015277777777777776 0.19244791666666666 0.014351851851851852 0.18723958333333332 0.015277777777777776 0.18802083333333333 0.01990740740740741 0.18723958333333332 0.033796296296296297 0.18515625 0.04259259259259259 0.184375 0.05416666666666666 0.18046875 0.07222222222222222 0.16901041666666666 0.15046296296296297 0.16588541666666665 0.15833333333333333 0.16354166666666664 0.1824074074074074 0.15807291666666665 0.21574074074074073 0.15729166666666666 0.23287037037037037 0.15364583333333331 0.25324074074074077
1 0.2203125 0.21805555555555553 0.22395833333333331 0.20509259259259255 0.22369791666666666 0.19629629629629627 0.2231770833333333 0.19907407407407407 0.21953125 0.20277777777777778 0.21875 0.21388888888888888 0.2203125 0.21805555555555553
1 0.22369791666666666 0.19537037037037036 0.2247395833333333 0.18657407407407406 0.22760416666666666 0.17916666666666664 0.22838541666666665 0.16203703703703703 0.22734375 0.15879629629629627 0.2231770833333333 0.18194444444444444 0.22265625 0.1912037037037037 0.22369791666666666 0.19537037037037036
1 0.2036458333333333 0.33194444444444443 0.20651041666666664 0.3375 0.20859375 0.3194444444444444 0.21171875 0.30787037037037035 0.21171875 0.29907407407407405 0.2140625 0.2930555555555555 0.2140625 0.2722222222222222 0.2192708333333333 0.2444444444444444 0.21979166666666666 0.2361111111111111 0.21901041666666665 0.22962962962962963 0.22057291666666665 0.22685185185185186 0.22057291666666665 0.22268518518518515 0.21796875 0.21944444444444441 0.21666666666666665 0.21990740740740738 0.2140625 0.23379629629629628 0.2145833333333333 0.24027777777777776 0.20885416666666665 0.27175925925925926 0.20885416666666665 0.29375 0.2046875 0.31527777777777777 0.20494791666666665 0.3273148148148148 0.2036458333333333 0.33194444444444443
1 0.2075520833333333 0.10694444444444444 0.20546875 0.1125 0.2052083333333333 0.12175925925925926 0.19817708333333334 0.16574074074074072 0.19765625 0.18009259259259258 0.19322916666666665 0.20231481481481478 0.19375 0.20833333333333331 0.19166666666666665 0.22453703703703703 0.18828125 0.2375 0.18645833333333334 0.2509259259259259 0.18697916666666664 0.2574074074074074 0.184375 0.2652777777777778 0.18567708333333333 0.2791666666666667 0.18880208333333331 0.26435185185185184 0.19114583333333332 0.262037037037037 0.19114583333333332 0.25509259259259254 0.19401041666666666 0.2513888888888889 0.19453125 0.23703703703703702 0.203125 0.2134259259259259 0.2036458333333333 0.20324074074074075 0.20104166666666665 0.18935185185185183 0.20546875 0.17546296296296296 0.21015625 0.1162037037037037 0.2145833333333333 0.09537037037037036 0.2153645833333333 0.08009259259259259 0.21354166666666666 0.075 0.21171875 0.09212962962962963 0.20651041666666664 0.09861111111111111 0.2078125 0.10138888888888889 0.2075520833333333 0.10694444444444444
1 0.33151041666666664 0.3898148148148148 0.3338541666666667 0.387037037037037 0.3338541666666667 0.37731481481481477 0.33515625 0.3731481481481481 0.33359375 0.35509259259259257 0.33671875 0.33194444444444443 0.33697916666666666 0.3143518518518518 0.33932291666666664 0.3037037037037037 0.33932291666666664 0.2754629629629629 0.33854166666666663 0.2722222222222222 0.33463541666666663 0.2754629629629629 0.3325520833333333 0.2986111111111111 0.3309895833333333 0.3018518518518518 0.33307291666666666 0.3106481481481481 0.3333333333333333 0.3212962962962963 0.3309895833333333 0.3324074074074074 0.32916666666666666 0.3587962962962963 0.32890625 0.387037037037037 0.33151041666666664 0.3898148148148148
1 0.34088541666666666 0.40138888888888885 0.3419270833333333 0.40324074074074073 0.34322916666666664 0.3949074074074074 0.34869791666666666 0.38657407407407407 0.3505208333333333 0.3814814814814814 0.35078125 0.3731481481481481 0.35260416666666666 0.3694444444444444 0.35104166666666664 0.3662037037037037 0.35104166666666664 0.36203703703703705 0.35625 0.31759259259259254 0.35546875 0.3125 0.35885416666666664 0.27037037037037037 0.3606770833333333 0.2597222222222222 0.3609375 0.2449074074074074 0.36328125 0.23379629629629628 0.3638020833333333 0.21944444444444441 0.36666666666666664 0.2064814814814815 0.37057291666666664 0.1699074074074074 0.3731770833333333 0.1611111111111111 0.37604166666666666 0.13425925925925924 0.3807291666666667 0.11296296296296296 0.38151041666666663 0.08796296296296295 0.38385416666666666 0.08194444444444444 0.38125 0.07638888888888888 0.37916666666666665 0.075 0.38046875 0.07083333333333333 0.3765625 0.06759259259259259 0.3755208333333333 0.06157407407407407 0.3703125 0.06296296296296296 0.3669270833333333 0.07592592592592592 0.3653645833333333 0.07777777777777777 0.3684895833333333 0.08333333333333333 0.36979166666666663 0.08981481481481482 0.3684895833333333 0.10185185185185183 0.36979166666666663 0.1074074074074074 0.3692708333333333 0.12546296296296294 0.36822916666666666 0.1287037037037037 0.3671875 0.1509259259259259 0.3651041666666667 0.15416666666666665 0.36588541666666663 0.1597222222222222 0.3645833333333333 0.16157407407407406 0.365625 0.16527777777777777 0.3611979166666667 0.17129629629629628 0.3630208333333333 0.19444444444444445 0.35807291666666663 0.21527777777777776 0.3578125 0.2263888888888889 0.35416666666666663 0.2513888888888889 0.3528645833333333 0.2759259259259259 0.3505208333333333 0.28657407407407404 0.35026041666666663 0.2935185185185185 0.3473958333333333 0.3 0.3453125 0.33194444444444443 0.34244791666666663 0.3449074074074074 0.34296875 0.34907407407407404 0.3416666666666667 0.3518518518518518 0.34088541666666666 0.3587962962962963 0.34010416666666665 0.387037037037037 0.34088541666666666 0.40138888888888885
1 0.3661458333333333 0.4064814814814815 0.36953125 0.40462962962962956 0.37447916666666664 0.39768518518518514 0.37916666666666665 0.37916666666666665 0.3825520833333333 0.3726851851851852 0.38151041666666663 0.35416666666666663 0.384375 0.3333333333333333 0.3872395833333333 0.32870370370370366 0.38541666666666663 0.3263888888888889 0.38515625 0.32314814814814813 0.3875 0.3212962962962963 0.3864583333333333 0.3194444444444444 0.39010416666666664 0.2648148148148148 0.3911458333333333 0.262037037037037 0.3921875 0.2439814814814815 0.3953125 0.23379629629629628 0.3958333333333333 0.19444444444444445 0.3966145833333333 0.1925925925925926 0.39453125 0.1884259259259259 0.3973958333333333 0.17175925925925925 0.396875 0.16805555555555554 0.3984375 0.16527777777777777 0.39765625 0.15694444444444444 0.39375 0.1611111111111111 0.3921875 0.16805555555555554 0.3924479166666667 0.17222222222222222 0.39088541666666665 0.17824074074074073 0.39140625 0.18148148148148147 0.3729166666666667 0.2893518518518518 0.37057291666666664 0.33287037037037037 0.36875 0.3435185185185185 0.3684895833333333 0.3555555555555555 0.3669270833333333 0.3625 0.3677083333333333 0.3648148148148148 0.36744791666666665 0.3726851851851852 0.36432291666666666 0.3898148148148148 0.36432291666666666 0.4027777777777778 0.3661458333333333 0.4064814814814815
1 0.4065104166666666 0.3074074074074074 0.4078125 0.3097222222222222 0.4091145833333333 0.3069444444444444 0.4083333333333333 0.30416666666666664 0.4091145833333333 0.3 0.4072916666666666 0.29953703703703705 0.4065104166666666 0.3 0.4065104166666666 0.3074074074074074
1 0.4184895833333333 0.24861111111111112 0.4190104166666666 0.2398148148148148 0.4182291666666666 0.2333333333333333 0.41640625 0.23935185185185187 0.4158854166666666 0.24722222222222218 0.4184895833333333 0.24861111111111112
1 0.3981770833333333 0.2898148148148148 0.40104166666666663 0.2912037037037037 0.40234375 0.2898148148148148 0.4033854166666666 0.2828703703703704 0.403125 0.274537037037037 0.40625 0.275 0.4078125 0.2791666666666667 0.41171875 0.2754629629629629 0.4151041666666666 0.25277777777777777 0.41328125 0.23796296296296293 0.4151041666666666 0.23055555555555554 0.4119791666666666 0.22685185185185186 0.4111979166666666 0.22685185185185186 0.4096354166666666 0.23425925925925925 0.4104166666666666 0.23796296296296293 0.4078125 0.2462962962962963 0.4026041666666666 0.2722222222222222 0.4005208333333333 0.2759259259259259 0.4002604166666666 0.2828703703703704 0.3981770833333333 0.2898148148148148
1 0.4317708333333333 0.4148148148148148 0.43359375 0.41990740740740734 0.434375 0.43194444444444446 0.4315104166666666 0.45509259259259255 0.4276041666666666 0.5120370370370371 0.42890625 0.5162037037037036 0.4317708333333333 0.5185185185185185 0.4364583333333333 0.5189814814814815 0.4390625 0.5175925925925926 0.4408854166666666 0.5134259259259258 0.44453125 0.47777777777777775 0.4442708333333333 0.4652777777777778 0.44765625 0.43472222222222223 0.4565104166666666 0.3972222222222222 0.45703125 0.38611111111111107 0.4591145833333333 0.3833333333333333 0.45625 0.37916666666666665 0.45703125 0.36666666666666664 0.4606770833333333 0.34953703703703703 0.4604166666666666 0.3384259259259259 0.4591145833333333 0.33518518518518514 0.4604166666666666 0.3310185185185185 0.45859375 0.31759259259259254 0.4588541666666666 0.29722222222222217 0.4614583333333333 0.2824074074074074 0.46354166666666663 0.24814814814814815 0.4669270833333333 0.22685185185185186 0.46875 0.20185185185185187 0.4716145833333333 0.1824074074074074 0.47135416666666663 0.17129629629629628 0.47421875 0.14583333333333331 0.4739583333333333 0.1324074074074074 0.4822916666666666 0.07129629629629629 0.4841145833333333 0.03333333333333333 0.48697916666666663 0 0.4783854166666666 0 0.4730903645833333 0.03163564814814814 0.4703125 0.03611111111111111 0.4692708333333333 0.05138888888888889 0.46796875 0.05694444444444444 0.4651041666666666 0.06157407407407407 0.4666666666666666 0.07453703703703704 0.4638020833333333 0.09166666666666666 0.4643229166666666 0.09861111111111111 0.4606770833333333 0.1310185185185185 0.46015625 0.14444444444444443 0.4580729166666666 0.15740740740740738 0.4575520833333333 0.17916666666666664 0.4541666666666666 0.21759259259259256 0.4497395833333333 0.26064814814814813 0.44791666666666663 0.26944444444444443 0.446875 0.2893518518518518 0.4450520833333333 0.29953703703703705 0.4447916666666666 0.31527777777777777 0.4427083333333333 0.3333333333333333 0.4411458333333333 0.36342592592592593 0.4393229166666666 0.3722222222222222 0.434375 0.38009259259259254 0.43125 0.3986111111111111 0.43125 0.40925925925925927 0.4317708333333333 0.4148148148148148
1 0.425 0.30277777777777776 0.4252604166666666 0.3050925925925926 0.4291666666666666 0.30324074074074076 0.4309895833333333 0.2967592592592593 0.4299479166666666 0.28518518518518515 0.42838541666666663 0.28379629629629627 0.4276041666666666 0.2861111111111111 0.4268229166666666 0.29814814814814816 0.425 0.30277777777777776
1 0.45390625 0.1074074074074074 0.4526041666666666 0.10879629629629628 0.4528645833333333 0.11666666666666665 0.4567708333333333 0.1074074074074074 0.4583333333333333 0.09907407407407406 0.4580729166666666 0.09074074074074073 0.45625 0.08981481481481482 0.45546875 0.09166666666666666 0.4546875 0.10277777777777777 0.45390625 0.1074074074074074
1 0.43125 0.25277777777777777 0.43125 0.2625 0.4325520833333333 0.2638888888888889 0.4359375 0.2583333333333333 0.4338541666666666 0.25462962962962965 0.43671875 0.25277777777777777 0.4356770833333333 0.24675925925925926 0.4427083333333333 0.22361111111111112 0.4416666666666666 0.21944444444444441 0.44296875 0.21064814814814814 0.4424479166666666 0.20787037037037037 0.44765625 0.1824074074074074 0.4486979166666666 0.17175925925925925 0.4484375 0.15833333333333333 0.4510416666666666 0.1509259259259259 0.4536458333333333 0.1300925925925926 0.4533854166666666 0.12175925925925926 0.4513020833333333 0.12268518518518519 0.44921875 0.12638888888888888 0.4463541666666666 0.14398148148148146 0.4471354166666666 0.14861111111111108 0.4450520833333333 0.1537037037037037 0.44010416666666663 0.1759259259259259 0.4403645833333333 0.18333333333333332 0.43619791666666663 0.2125 0.43203125 0.23055555555555554 0.4328125 0.23703703703703702 0.42890625 0.2444444444444444 0.4286458333333333 0.24814814814814815 0.43125 0.25277777777777777
1 0.41015625 0.40370370370370373 0.4111979166666666 0.40509259259259256 0.4143229166666666 0.4041666666666666 0.4174479166666666 0.39398148148148143 0.4197916666666666 0.36203703703703705 0.4234375 0.3384259259259259 0.42265625 0.32685185185185184 0.42421875 0.31805555555555554 0.4236979166666666 0.31481481481481477 0.4252604166666666 0.31157407407407406 0.4252604166666666 0.29768518518518516 0.42109375 0.3060185185185185 0.41796875 0.31712962962962965 0.4184895833333333 0.32870370370370366 0.4161458333333333 0.33148148148148143 0.41666666666666663 0.33379629629629626 0.4140625 0.3412037037037037 0.4109375 0.3662037037037037 0.4114583333333333 0.3699074074074074 0.4106770833333333 0.3731481481481481 0.4119791666666666 0.37731481481481477 0.4114583333333333 0.3824074074074074 0.40859375 0.3902777777777778 0.40859375 0.39675925925925926 0.41015625 0.40370370370370373
1 0.65703125 0.04768518518518518 0.65546875 0.06018518518518519 0.65625 0.07129629629629629 0.6536458333333333 0.08981481481481482 0.6541666666666666 0.09953703703703703 0.65234375 0.11018518518518519 0.65078125 0.17962962962962964 0.6450520833333333 0.28564814814814815 0.6450520833333333 0.30416666666666664 0.64375 0.3138888888888889 0.64375 0.3212962962962963 0.6453125 0.32407407407407407 0.6453125 0.32870370370370366 0.64140625 0.3555555555555555 0.6424479166666666 0.36064814814814816 0.6416666666666666 0.3726851851851852 0.6424479166666666 0.3763888888888889 0.6401041666666666 0.37962962962962965 0.6395833333333333 0.39398148148148143 0.64140625 0.3986111111111111 0.640625 0.41574074074074074 0.6395833333333333 0.4189814814814815 0.6369791666666667 0.42037037037037034 0.6354166666666666 0.425 0.6338541666666666 0.4351851851851851 0.6315104166666666 0.4768518518518518 0.6299479166666666 0.4796296296296296 0.62890625 0.5157407407407407 0.6268229166666666 0.5287037037037037 0.6268229166666666 0.5333333333333333 0.6296875 0.5393518518518519 0.6328125 0.5388888888888889 0.634375 0.5342592592592592 0.63515625 0.5162037037037036 0.6369791666666667 0.5083333333333333 0.6359375 0.5046296296296295 0.6377604166666666 0.5013888888888889 0.6385416666666666 0.4916666666666666 0.6427083333333333 0.47592592592592586 0.6453125 0.4703703703703703 0.64609375 0.46342592592592585 0.6450520833333333 0.4537037037037037 0.64609375 0.44259259259259254 0.6455729166666666 0.4375 0.6471354166666666 0.4287037037037037 0.6489583333333333 0.38796296296296295 0.6515625 0.3768518518518518 0.6520833333333333 0.34759259259259256 0.6549479166666666 0.3259259259259259 0.6536458333333333 0.2944444444444444 0.6546875 0.2898148148148148 0.6536458333333333 0.28009259259259256 0.6565104166666667 0.2722222222222222 0.6552083333333333 0.25416666666666665 0.65625 0.24537037037037038 0.6565104166666667 0.18425925925925926 0.6578125 0.175 0.65703125 0.1638888888888889 0.659375 0.1476851851851852 0.6596354166666666 0.10416666666666666 0.6611979166666666 0.09537037037037036 0.6611979166666666 0.07592592592592592 0.66328125 0.043981481481481476 0.6627604166666666 0.018055555555555554 0.66328125 0.011574074074074073 0.6645833333333333 0.008333333333333333 0.6625 0.005092592592592592 0.66171875 0 0.6604166666666667 0 0.6583333333333333 0.025462962962962958 0.6546875 0.03287037037037037 0.6567708333333333 0.04074074074074074 0.65703125 0.04768518518518518
1 0.68203125 0.29212962962962963 0.6861979166666666 0.2657407407407407 0.6856770833333333 0.2439814814814815 0.68515625 0.24861111111111112 0.68203125 0.25416666666666665 0.6809895833333333 0.2828703703703704 0.68203125 0.29212962962962963
1 0.66484375 0.5291666666666666 0.6682291666666667 0.5189814814814815 0.6739583333333333 0.47592592592592586 0.6755208333333333 0.4703703703703703 0.6747395833333333 0.46759259259259256 0.67578125 0.46342592592592585 0.6778645833333333 0.425462962962963 0.6778645833333333 0.40740740740740733 0.6794270833333333 0.3972222222222222 0.6786458333333333 0.37962962962962965 0.6807291666666666 0.3662037037037037 0.6802083333333333 0.3379629629629629 0.6786458333333333 0.32685185185185184 0.6739583333333333 0.3486111111111111 0.66875 0.4217592592592593 0.6684895833333333 0.44259259259259254 0.66640625 0.4527777777777778 0.66640625 0.4849537037037037 0.6609375 0.5189814814814815 0.6611979166666666 0.5277777777777778 0.66484375 0.5291666666666666
0 0.39401041666666664 0.5050925925925925 0.39791666666666664 0.5037037037037037 0.40703125 0.4888888888888888 0.4104166666666666 0.47407407407407404 0.41640625 0.46296296296296297 0.4184895833333333 0.45555555555555555 0.4182291666666666 0.4231481481481481 0.4138020833333333 0.42407407407407405 0.4083333333333333 0.4291666666666666 0.4005208333333333 0.42824074074074076 0.3973958333333333 0.4310185185185185 0.3966145833333333 0.44259259259259254 0.3981770833333333 0.4458333333333333 0.39791666666666664 0.45138888888888884 0.396875 0.45555555555555555 0.39401041666666664 0.45972222222222225 0.39453125 0.46342592592592585 0.390625 0.4708333333333333 0.3885416666666667 0.4814814814814815 0.3890625 0.49074074074074076 0.39401041666666664 0.5050925925925925
0 0.29244791666666664 0.5310185185185186 0.2947916666666667 0.5421296296296296 0.29453125 0.5467592592592593 0.29557291666666663 0.548611111111111 0.30026041666666664 0.5537037037037036 0.30703125 0.548611111111111 0.3143229166666667 0.5467592592592593 0.31328125 0.5439814814814815 0.3138020833333333 0.537962962962963 0.31640625 0.5347222222222222 0.32526041666666666 0.5333333333333333 0.33359375 0.5259259259259259 0.334375 0.5222222222222223 0.3372395833333333 0.5189814814814815 0.3416666666666667 0.4814814814814815 0.34479166666666666 0.4708333333333333 0.3455729166666667 0.4578703703703703 0.34453125 0.4532407407407407 0.3421875 0.44907407407407407 0.33828125 0.4462962962962963 0.3286458333333333 0.44490740740740736 0.31510416666666663 0.449537037037037 0.29947916666666663 0.4606481481481481 0.29713541666666665 0.4726851851851851 0.29453125 0.4736111111111111 0.29296875 0.47638888888888886 0.2927083333333333 0.4898148148148148 0.290625 0.5087962962962963 0.28984375 0.5291666666666666 0.29244791666666664 0.5310185185185186