1 0.7768518518518518 0.00859375 0.8199074074074074 0.05989583333333333 0.8231481481481481 0.06770833333333333 0.8375 0.08463541666666666 0.851388888888889 0.10520833333333332 0.8587962962962962 0.12291666666666665 0.8703703703703702 0.140625 0.8722222222222221 0.146875 0.899074074074074 0.19583333333333333 0.9268518518518517 0.253125 0.961111111111111 0.3364583333333333 0.9828703703703703 0.40859375 0.9875 0.4333333333333333 0.9925925925925926 0.4473958333333333 0.9944444444444445 0.4619791666666666 0.9976851851851851 0.4705729166666666 0.999537037037037 0.47109375 0.999537037037037 0.33359375 0.9944444444444445 0.3247395833333333 0.9884259259259259 0.30729166666666663 0.950462962962963 0.23072916666666665 0.9222222222222222 0.17942708333333332 0.9023148148148147 0.15078125 0.8907407407407406 0.12916666666666665 0.8662037037037036 0.09192708333333333 0.8217592592592592 0.038802083333333334 0.8101851851851851 0.015625 0.8074074074074075 0.015104166666666665 0.8050925925925926 0.011545052083333332 0.8050925925925926 0.00859375 0.799074074074074 0.0046875 0.7916666666666666 0.00234375 0.7902777777777777 0 0.7754629629629629 0 0.7768518518518518 0.00859375
1 0.5412037037037036 0.00859375 0.5462962962962963 0.025520833333333333 0.55 0.034895833333333334 0.586111111111111 0.09322916666666667 0.5879629629629629 0.10989583333333333 0.5925925925925926 0.12317708333333333 0.5981481481481481 0.13046875 0.6138888888888888 0.18854166666666666 0.6287037037037037 0.23359375 0.6412037037037036 0.2791666666666667 0.6444444444444444 0.30026041666666664 0.649537037037037 0.3143229166666667 0.6657407407407407 0.39557291666666666 0.6666666666666666 0.4130208333333333 0.6726851851851852 0.4369791666666666 0.6763888888888888 0.4937911458333333 0.6759259259259258 0.6229166666666666 0.6777777777777778 0.6296875 0.6768518518518518 0.6486979166666667 0.6796296296296296 0.6661458333333333 0.6787037037037036 0.67578125 0.6805555555555556 0.6768229166666666 0.6819444444444444 0.6885416666666666 0.6763888888888888 0.7486979166666666 0.6782407407407407 0.7510416666666666 0.6824074074074074 0.7520833333333333 0.7203703703703703 0.7518229166666666 0.725 0.7486979166666666 0.725 0.7419270833333333 0.7222222222222221 0.7205729166666666 0.7226851851851851 0.6747395833333333 0.7157407407407408 0.5466145833333333 0.7004629629629628 0.4213541666666666 0.6930555555555555 0.3802083333333333 0.687037037037037 0.3622395833333333 0.6800925925925926 0.3296875 0.6652777777777777 0.2763020833333333 0.6347222222222222 0.18619791666666666 0.6226851851851851 0.15755208333333331 0.6166666666666666 0.13359375 0.6050925925925925 0.10963541666666665 0.6004629629629629 0.09192708333333333 0.548611111111111 0 0.5407407407407407 0 0.5412037037037036 0.00859375
1 0.22361111111111112 0.70390625 0.22916666666666666 0.7041666666666666 0.24166666666666664 0.7072916666666667 0.2513888888888889 0.7078125 0.25277777777777777 0.70703125 0.2583333333333333 0.6572916666666666 0.26157407407407407 0.6427083333333333 0.26620370370370366 0.6338541666666666 0.2638888888888889 0.6263020833333333 0.2689814814814815 0.6203125 0.27037037037037037 0.6114583333333333 0.2722222222222222 0.609375 0.27129629629629626 0.6078125 0.2763888888888889 0.5919270833333333 0.2777777777777778 0.5815104166666666 0.2833333333333333 0.5645833333333333 0.2814814814814815 0.5578125 0.28379629629629627 0.5450520833333333 0.2879629629629629 0.5356770833333333 0.29398148148148145 0.5015625 0.3125 0.43203125 0.325 0.3989583333333333 0.34305555555555556 0.34010416666666665 0.3592592592592593 0.30494791666666665 0.36203703703703705 0.2927083333333333 0.36712962962962964 0.28203125 0.375 0.25729166666666664 0.38055555555555554 0.2484375 0.3828703703703703 0.23958333333333331 0.3953703703703703 0.21119791666666665 0.40138888888888885 0.20260416666666664 0.44351851851851853 0.10911458333333332 0.44675925925925924 0.10494791666666665 0.45138888888888884 0.09114583333333333 0.4574074074074074 0.08515625 0.4560185185185185 0.08333333333333333 0.4527777777777778 0.08307291666666666 0.449537037037037 0.07734375 0.4481481481481481 0.07786458333333332 0.4481481481481481 0.08203125 0.44259259259259254 0.08463541666666666 0.43194444444444446 0.10963541666666665 0.42453703703703705 0.11614583333333332 0.4171296296296296 0.13776041666666666 0.4125 0.14583333333333331 0.40092592592592585 0.1609375 0.40092592592592585 0.16510416666666666 0.39305555555555555 0.18567708333333333 0.38009259259259254 0.2098958333333333 0.36296296296296293 0.2484375 0.35972222222222217 0.2520833333333333 0.3449074074074074 0.2859375 0.3333333333333333 0.31796875 0.3194444444444444 0.3489583333333333 0.312037037037037 0.371875 0.2962962962962963 0.40859375 0.24768518518518517 0.5700520833333333 0.24259259259259255 0.6020833333333333 0.2375 0.6184895833333333 0.2361111111111111 0.6372395833333333 0.22268518518518515 0.69375 0.22175925925925927 0.7028645833333333 0.22361111111111112 0.70390625
1 0 0.33046875 0.005092592592592592 0.3294270833333333 0.016203703703703703 0.30729166666666663 0.02222222222222222 0.2997395833333333 0.025925925925925925 0.296875 0.0375 0.28125 0.175 0.11640625 0.17407407407407408 0.1125 0.18148148148148147 0.10286458333333333 0.18148148148148147 0.09921875 0.17962962962962964 0.09791666666666667 0.17314814814814813 0.10338541666666665 0.1662037037037037 0.10703125 0.15138888888888888 0.12473958333333332 0.14212962962962963 0.1328125 0.06064814814814814 0.22421875 0.05277777777777778 0.2348958333333333 0.04212962962962963 0.24479166666666666 0.00787037037037037 0.28984375 0 0.30572916666666666 0 0.33046875
1 0.4574074074074074 0.7026041666666666 0.4574074074074074 0.7065104166666666 0.45972222222222225 0.7080729166666666 0.47638888888888886 0.7111979166666667 0.4805555555555555 0.7104166666666666 0.4814814814814815 0.6953125 0.4842592592592593 0.69140625 0.487962962962963 0.6893229166666666 0.487962962962963 0.6776041666666666 0.49444444444444435 0.66171875 0.49490740740740735 0.6502604166666666 0.4916666666666666 0.6401041666666666 0.49398148148148147 0.6372395833333333 0.4935185185185185 0.62578125 0.49722222222222223 0.5989583333333333 0.49722222222222223 0.5761283854166667 0.5018518518518518 0.5606770833333333 0.5023148148148148 0.546875 0.5050925925925925 0.5434895833333333 0.5037037037037037 0.5411458333333333 0.5055555555555555 0.5354166666666667 0.5037037037037037 0.5286458333333333 0.5074074074074073 0.5119791666666667 0.5060185185185185 0.5096354166666666 0.5069444444444444 0.5 0.5106481481481481 0.4950520833333333 0.5120370370370371 0.4950520833333333 0.5097222222222222 0.4895833333333333 0.5152777777777777 0.4796875 0.5189814814814815 0.4609375 0.5194444444444444 0.44791666666666663 0.5222222222222223 0.4427083333333333 0.5226851851851851 0.4234375 0.525462962962963 0.4184895833333333 0.525 0.4143229166666666 0.5268518518518518 0.4109375 0.5421296296296296 0.32760416666666664 0.5555555555555556 0.27890625 0.5657407407407408 0.25546875 0.5699074074074073 0.234375 0.5810185185185185 0.19609375 0.5833333333333333 0.18098958333333331 0.5888888888888888 0.16484375 0.5912037037037037 0.14322916666666666 0.5884259259259259 0.13802083333333331 0.5856481481481481 0.14036458333333332 0.5833333333333333 0.14713541666666666 0.5837962962962963 0.1515625 0.5754629629629628 0.17552083333333332 0.5736111111111111 0.1859375 0.5712962962962963 0.18880208333333331 0.5717592592592593 0.19322916666666665 0.5643518518518518 0.21328125 0.5643518518518518 0.21822916666666664 0.5592592592592592 0.23072916666666665 0.5583333333333333 0.23854166666666665 0.5546296296296296 0.24401041666666665 0.5509259259259258 0.25885416666666666 0.549074074074074 0.26276041666666666 0.5425925925925925 0.26901041666666664 0.5425925925925925 0.27291666666666664 0.5393518518518519 0.2791666666666667 0.5342592592592592 0.30572916666666666 0.5111111111111111 0.390625 0.5078703703703703 0.4111979166666666 0.4981481481481481 0.4385416666666666 0.4930555555555555 0.4768229166666666 0.4796296296296296 0.5458333333333333 0.47453703703703703 0.5923611979166666 0.4574074074074074 0.7026041666666666
1 0.8546296296296296 0.37604166666666666 0.8662037037037036 0.4184895833333333 0.8703703703703702 0.4502604166666666 0.8814814814814815 0.4981770833333333 0.8828703703703702 0.5200520833333333 0.8870370370370371 0.5393229166666667 0.8902777777777777 0.57578125 0.8939814814814815 0.59375 0.8902777777777777 0.60234375 0.8930555555555555 0.6046875 0.8916666666666666 0.6161458333333333 0.8953703703703703 0.6375 0.8981481481481481 0.6408854166666667 0.8962962962962961 0.6442708333333333 0.8981481481481481 0.6471354166666666 0.899537037037037 0.6622395833333333 0.9013888888888888 0.66640625 0.9050925925925926 0.66875 0.9087962962962962 0.6744791666666666 0.9083333333333332 0.6916666666666667 0.9115740740740741 0.70078125 0.9226851851851852 0.6994791666666667 0.9263888888888887 0.6958333333333333 0.9222222222222222 0.6677083333333333 0.9148148148148147 0.6518229166666666 0.912962962962963 0.63984375 0.9152777777777776 0.63359375 0.9148148148148147 0.6190104166666666 0.9083333333333332 0.5778645833333333 0.9027777777777777 0.5557291666666666 0.8976851851851851 0.5190104166666666 0.8810185185185185 0.4348958333333333 0.874537037037037 0.4177083333333333 0.8634259259259259 0.3690104166666667 0.8560185185185185 0.34869791666666666 0.85 0.34453125 0.8486111111111111 0.3442708333333333 0.8472222222222221 0.3458333333333333 0.8472222222222221 0.35546875 0.8546296296296296 0.37604166666666666
1 0.3486111111111111 0.6770833333333333 0.3504629629629629 0.6786458333333333 0.36296296296296293 0.6794270833333333 0.3662037037037037 0.6776041666666666 0.36712962962962964 0.6645833333333333 0.37037037037037035 0.6578125 0.3759259259259259 0.63046875 0.3782407407407407 0.6072916666666666 0.3824074074074074 0.5890625 0.3851851851851852 0.5565104166666666 0.39675925925925926 0.484375 0.412962962962963 0.40885416666666663 0.4273148148148148 0.33072916666666663 0.4444444444444445 0.2661458333333333 0.4458333333333333 0.2544270833333333 0.44305555555555554 0.25078125 0.43888888888888883 0.25494791666666666 0.4333333333333333 0.27213541666666663 0.4180555555555555 0.328125 0.41666666666666663 0.33854166666666663 0.41342592592592586 0.34609375 0.37407407407407406 0.53515625 0.36342592592592593 0.6059895833333333 0.35509259259259257 0.6361979166666666 0.35416666666666663 0.65234375 0.3486111111111111 0.6770833333333333
1 0.08842592592592592 0.6416666666666666 0.08472222222222223 0.66015625 0.0875 0.6625 0.09953703703703703 0.66484375 0.10277777777777777 0.6614583333333333 0.11435185185185184 0.5981770833333333 0.1384259259259259 0.52109375 0.14629629629629629 0.5044270833333333 0.16064814814814815 0.46484375 0.1685185185185185 0.44921875 0.17314814814814813 0.4346354166666666 0.18055555555555552 0.4221354166666666 0.18657407407407406 0.4044270833333333 0.20694444444444443 0.35807291666666663 0.21388888888888888 0.3458333333333333 0.2189814814814815 0.3299479166666667 0.2625 0.2388020833333333 0.262037037037037 0.23541666666666666 0.2587962962962963 0.23385416666666664 0.25462962962962965 0.23776041666666664 0.23055555555555554 0.2809895833333333 0.17916666666666664 0.39479166666666665 0.16898148148148145 0.4114583333333333 0.14537037037037037 0.4651041666666666 0.14027777777777778 0.4729166666666666 0.11203703703703702 0.5434895833333333 0.09768518518518518 0.5861979166666667 0.09583333333333333 0.6282812499999999 0.08842592592592592 0.6416666666666666
1 0.14027777777777778 0.640625 0.1398148148148148 0.64375 0.1361111111111111 0.6486979166666667 0.1324074074074074 0.6486979166666667 0.13055555555555556 0.64609375 0.12962962962962962 0.646875 0.1310185185185185 0.6572916666666666 0.13287037037037036 0.6583333333333333 0.13796296296296295 0.65859375 0.14074074074074075 0.6580729166666666 0.14166666666666666 0.6427083333333333 0.1476851851851852 0.6369791666666667 0.14953703703703702 0.6315104166666666 0.15 0.625 0.17222222222222222 0.55078125 0.19629629629629627 0.48046875 0.2064814814814815 0.4604166666666666 0.2074074074074074 0.4552083333333333 0.22916666666666666 0.4083333333333333 0.23518518518518516 0.39140625 0.24166666666666664 0.37994791666666666 0.24351851851851852 0.3723958333333333 0.2611111111111111 0.3403645833333333 0.2648148148148148 0.3270833333333333 0.2689814814814815 0.32109375 0.26944444444444443 0.3138020833333333 0.27268518518518514 0.3106770833333333 0.27175925925925926 0.30729166666666663 0.2754629629629629 0.3052083333333333 0.2828703703703704 0.2934895833333333 0.2828703703703704 0.28515625 0.2791666666666667 0.28619791666666666 0.24675925925925926 0.3416666666666667 0.19212962962962962 0.4565104166666666 0.15648148148148147 0.55 0.15231481481481482 0.5653645833333333 0.14351851851851852 0.584375 0.14351851851851852 0.5955729166666666 0.13935185185185184 0.6026041666666666 0.13657407407407407 0.6341145833333333 0.14027777777777778 0.640625
1 0 0.4231770833333333 0 0.4411458333333333 0.0013888888888888887 0.4411458333333333 0.010185185185185184 0.4276041666666666 0.014351851851851852 0.4169270833333333 0.03287037037037037 0.38541666666666663 0.06574074074074074 0.3356770833333333 0.075 0.32447916666666665 0.08842592592592592 0.3 0.09537037037037036 0.2911458333333333 0.09537037037037036 0.2856770833333333 0.08148148148148147 0.30026041666666664 0.07037037037037037 0.3177083333333333 0.05694444444444444 0.3348958333333333 0.05185185185185185 0.3450520833333333 0.04259259259259259 0.3559895833333333 0.016203703703703703 0.40078125 0 0.4231770833333333
1 0.4180555555555555 0.6669270833333333 0.43888888888888883 0.6705729166666666 0.44259259259259254 0.6622395833333333 0.44259259259259254 0.6453125 0.44675925925925924 0.6309895833333333 0.45555555555555555 0.5588541666666667 0.4643518518518518 0.52265625 0.46574074074074073 0.5125 0.4643518518518518 0.4942708333333333 0.47916666666666663 0.4223958333333333 0.4810185185185185 0.4067708333333333 0.47777777777777775 0.4015625 0.4731481481481481 0.4057291666666666 0.44259259259259254 0.5286458333333333 0.4416666666666666 0.53984375 0.44351851851851853 0.54461796875 0.4416666666666666 0.5609375 0.43888888888888883 0.5671875 0.43611111111111106 0.5947916666666666 0.4310185185185185 0.60234375 0.43148148148148147 0.6091145833333333 0.42407407407407405 0.6294270833333333 0.42407407407407405 0.634375 0.4212962962962963 0.63984375 0.41666666666666663 0.6596354166666666 0.41620370370370374 0.6651041666666666 0.4180555555555555 0.6669270833333333
1 0.03611111111111111 0.5536458333333333 0.03611111111111111 0.57109375 0.033796296296296297 0.5783854166666667 0.027314814814814813 0.5848958333333333 0.024537037037037034 0.5971354166666666 0.02222222222222222 0.5979166666666667 0.020833333333333332 0.6005208333333333 0.018055555555555554 0.6169270833333333 0.015277777777777776 0.6213541666666667 0.015277777777777776 0.6239583333333333 0.018518518518518517 0.6265625 0.008333333333333333 0.6395833333333333 0.008333333333333333 0.640625 0.014351851851851852 0.6411458333333333 0.01944444444444444 0.6390625 0.02222222222222222 0.6395833333333333 0.025462962962962958 0.63671875 0.02685185185185185 0.6239583333333333 0.03611111111111111 0.609375 0.034722222222222224 0.60625 0.03981481481481482 0.5989583333333333 0.03888888888888888 0.59609375 0.043981481481481476 0.5908854166666666 0.06574074074074074 0.5307291666666666 0.07129629629629629 0.5197916666666667 0.07222222222222222 0.5135416666666666 0.08472222222222223 0.48671875 0.09583333333333333 0.4682291666666666 0.10092592592592593 0.4497395833333333 0.10925925925925925 0.4395833333333333 0.10925925925925925 0.4348958333333333 0.11527777777777777 0.4216145833333333 0.12361111111111109 0.41171875 0.12546296296296294 0.4057291666666666 0.125 0.3848958333333333 0.12731481481481483 0.38046875 0.12685185185185183 0.37734375 0.12453703703703703 0.37604166666666666 0.12268518518518519 0.3763020833333333 0.11944444444444444 0.37994791666666666 0.1199074074074074 0.38359375 0.1125 0.39296875 0.09490740740740741 0.425 0.09027777777777776 0.43671875 0.08703703703703704 0.4390625 0.08287037037037036 0.4466145833333333 0.07685185185185185 0.46484375 0.0699074074074074 0.4765625 0.0662037037037037 0.48828125 0.05694444444444444 0.5049479166666666 0.05694444444444444 0.50859375 0.05185185185185185 0.51953125 0.04444444444444444 0.534375 0.03888888888888888 0.5395833333333333 0.03888888888888888 0.5481770833333333 0.03611111111111111 0.5536458333333333
1 0.32870370370370366 0.6255208333333333 0.33055555555555555 0.6479166666666666 0.3384259259259259 0.65546875 0.3384259259259259 0.6578125 0.3449074074074074 0.6588541666666666 0.34629629629629627 0.6544270833333333 0.3453703703703704 0.640625 0.3416666666666667 0.6380208333333333 0.34074074074074073 0.6333333333333333 0.3435185185185185 0.6296875 0.34629629629629627 0.6174479166666667 0.3486111111111111 0.6169270833333333 0.35 0.5940104166666667 0.3555555555555555 0.5817708333333333 0.3555555555555555 0.5736979166666666 0.37777777777777777 0.47734375 0.37731481481481477 0.47421875 0.3712962962962963 0.4736979166666666 0.3685185185185185 0.4716145833333333 0.3708333333333333 0.4627604166666666 0.37777777777777777 0.4575520833333333 0.37916666666666665 0.4536458333333333 0.3763888888888889 0.44453125 0.37962962962962965 0.4317708333333333 0.3768518518518518 0.4270833333333333 0.3731481481481481 0.42578125 0.36296296296296293 0.4567708333333333 0.3537037037037037 0.5046875 0.3435185185185185 0.5385416666666666 0.336574074074074 0.5838541666666666 0.3324074074074074 0.5927083333333333 0.3296296296296296 0.6145833333333333 0.3277777777777778 0.6161458333333333 0.32685185185185184 0.6236979166666666 0.32870370370370366 0.6255208333333333
1 0.5462962962962963 0.6721354166666667 0.5569444444444444 0.671875 0.5611111111111111 0.6651041666666666 0.5592592592592592 0.64609375 0.562037037037037 0.6348958333333333 0.5625 0.6104166666666666 0.5708333333333333 0.5401041666666666 0.5791666666666666 0.43828125 0.5800925925925926 0.43671875 0.5851851851851851 0.4359375 0.586111111111111 0.43203125 0.5842592592592593 0.4247395833333333 0.586574074074074 0.42421875 0.5875 0.41484375 0.5898148148148148 0.4138020833333333 0.5916666666666666 0.4078125 0.5884259259259259 0.39713541666666663 0.5814814814814815 0.38984375 0.5740740740740741 0.3903645833333333 0.5708333333333333 0.39375 0.5662037037037037 0.41015625 0.5699074074074073 0.434375 0.5666666666666667 0.4692708333333333 0.5662037037037037 0.4984375 0.5532407407407407 0.5765625 0.548611111111111 0.6216145833333333 0.5453703703703703 0.6322916666666666 0.5449074074074074 0.6703125 0.5462962962962963 0.6721354166666667
1 0.7347222222222222 0.4182291666666666 0.7328703703703703 0.44921875 0.7347222222222222 0.4684895833333333 0.7337962962962963 0.4807291666666666 0.7351851851851852 0.48307291666666663 0.7337962962962963 0.4888020833333333 0.735648148148148 0.4916666666666666 0.7347222222222222 0.50859375 0.736574074074074 0.5088541666666666 0.7393518518518518 0.5151041666666666 0.7384259259259258 0.5380208333333333 0.7388888888888888 0.5502604166666666 0.7407407407407407 0.5552083333333333 0.7407407407407407 0.5692708333333333 0.7388888888888888 0.5744791666666667 0.7398148148148148 0.6350260416666667 0.7388888888888888 0.6549479166666666 0.737037037037037 0.65859375 0.7398148148148148 0.6625 0.7375 0.671875 0.7444444444444444 0.6880208333333333 0.7453703703703703 0.6692708333333333 0.749537037037037 0.6651041666666666 0.7523148148148148 0.61640625 0.75 0.5979166666666667 0.7518518518518518 0.5953125 0.7527777777777778 0.5765625 0.749537037037037 0.5419270833333333 0.7509259259259259 0.5153645833333333 0.7476851851851851 0.5125 0.7472222222222221 0.5083333333333333 0.7439814814814814 0.4213541666666666 0.7412037037037036 0.38984375 0.7388888888888888 0.3903645833333333 0.736574074074074 0.39296875 0.7351851851851852 0.4036458333333333 0.736111111111111 0.4158854166666666 0.7347222222222222 0.4182291666666666
1 0.7601851851851851 0.446875 0.7587962962962963 0.5372395833333333 0.7550925925925925 0.5776041666666666 0.7564814814814814 0.6041666666666666 0.7546296296296295 0.6200520833333333 0.7574074074074073 0.6283854166666666 0.7569444444444444 0.69296875 0.7587962962962963 0.6953125 0.7620370370370371 0.6955729166666667 0.7648148148148148 0.6953125 0.7666666666666666 0.69296875 0.7717592592592593 0.65859375 0.7722222222222221 0.51875 0.7703703703703704 0.51171875 0.7699074074074074 0.4731770833333333 0.7675925925925926 0.45546875 0.7662037037037036 0.39401041666666664 0.7638888888888888 0.3895833333333333 0.7615740740740741 0.3484375 0.7583333333333333 0.3356770833333333 0.7569444444444444 0.3416666666666667 0.7578703703703703 0.41666666666666663 0.7601851851851851 0.446875
1 0.7842592592592592 0.6122395833333333 0.7837962962962963 0.6411458333333333 0.7810185185185186 0.65390625 0.7810185185185186 0.6890625 0.7856481481481481 0.6911458333333333 0.7893518518518519 0.6908854166666666 0.7902777777777777 0.6895833333333333 0.7939814814814814 0.6578125 0.7967592592592593 0.5677083333333333 0.7949074074074074 0.5531770833333333 0.7935185185185185 0.43359375 0.7912037037037036 0.4252604166666666 0.7916666666666666 0.4106770833333333 0.7898148148148147 0.403125 0.7879629629629629 0.4075520833333333 0.7861111111111111 0.6002604166666666 0.7842592592592592 0.6122395833333333
1 0.6203703703703703 0.6078125 0.6199074074074074 0.6213541666666667 0.6162037037037036 0.63359375 0.6162037037037036 0.6411458333333333 0.6199074074074074 0.6471354166666666 0.6175925925925926 0.6544270833333333 0.6208333333333333 0.6609375 0.6194444444444444 0.6661458333333333 0.6263888888888889 0.6625 0.6263888888888889 0.653125 0.6287037037037037 0.64765625 0.6277777777777778 0.621875 0.6337962962962963 0.5890625 0.6356481481481481 0.5614583333333333 0.6388888888888888 0.5541666666666666 0.6439814814814815 0.52421875 0.6449074074074074 0.4962424479166666 0.6472222222222221 0.484375 0.6467592592592593 0.47265625 0.6509259259259259 0.43203125 0.6467592592592593 0.4333333333333333 0.6439814814814815 0.4390625 0.6356481481481481 0.52578125 0.6314814814814815 0.53203125 0.6319444444444444 0.53671875 0.6263888888888889 0.5497395833333333 0.6263888888888889 0.5760416666666666 0.6203703703703703 0.6078125