1 0.928125 0 0.9359375 0 0.9375 0.009375 0.9359375 0.053125 0.9328125 0.075 0.934375 0.1109375 0.9359375 0.1125 0.9359375 0.1734375 0.934375 0.175 0.9359375 0.1859375 0.934375 0.196875 0.9296875 0.2 0.928125 0.215625 0.9296875 0.246875 0.934375 0.2484375 0.9328125 0.25 0.934375 0.2625 0.928125 0.2703125 0.928125 0.278125 0.9296875 0.2796875 0.934375 0.275 0.9359375 0.2828125 0.9296875 0.2796875 0.9265625 0.2859375 0.9265625 0.3390625 0.9234375 0.35625 0.9234375 0.39375 0.9265625 0.3984375 0.928125 0.396875 0.9296875 0.403125 0.928125 0.40625 0.921875 0.409375 0.9203125 0.453125 0.915625 0.4984375 0.9109375 0.4984375 0.9078125 0.4953125 0.909375 0.4 0.9125 0.3828125 0.9140625 0.321875 0.91875 0.2890625 0.91875 0.25625 0.9203125 0.2546875 0.91875 0.2296875 0.921875 0.1984375 0.921875 0.1625 0.925 0.146875 0.9234375 0.115625 0.925 0.1140625 0.925 0.084375 0.928125 0.05625 0.928125 0.0015625
1 0.3421875 0 0.3484375 0 0.35 0.0046875 0.340625 0.0765625 0.340625 0.0953125 0.3359375 0.125 0.334375 0.1671875 0.3328125 0.16875 0.3328125 0.1984375 0.328125 0.246875 0.325 0.396875 0.321875 0.4 0.3140625 0.3984375 0.3109375 0.3921875 0.3125 0.3484375 0.3171875 0.303125 0.315625 0.3015625 0.3171875 0.25 0.31875 0.2484375 0.3171875 0.234375 0.3203125 0.2234375 0.3234375 0.134375 0.3296875 0.1046875 0.3296875 0.08125 0.33125 0.06875 0.334375 0.0625 0.3375 0.025 0.3421875 0.0015625
1 0.6109375 0 0.615625 0 0.6140625 0.1703125 0.6109375 0.1828125 0.6125 0.184375 0.6109375 0.2109375 0.6078125 0.2234375 0.6078125 0.2484375 0.60625 0.25 0.6078125 0.2703125 0.60625 0.271875 0.60625 0.3015625 0.603125 0.3171875 0.603125 0.3375 0.6046875 0.3390625 0.6015625 0.359375 0.603125 0.3734375 0.5984375 0.384375 0.596875 0.4203125 0.5953125 0.421875 0.5921875 0.4203125 0.590625 0.415625 0.590625 0.3875 0.5921875 0.3859375 0.590625 0.359375 0.5921875 0.3578125 0.59375 0.309375 0.596875 0.2953125 0.596875 0.2703125 0.5984375 0.26875 0.596875 0.2671875 0.6 0.234375 0.5984375 0.2234375 0.6015625 0.2078125 0.6015625 0.1546875 0.603125 0.153125 0.6015625 0.1171875 0.6078125 0.084375 0.6078125 0.0453125 0.609375 0.04375 0.6109375 0.0015625
1 0.3921875 0 0.3984375 0 0.396875 0.034375 0.3921875 0.059375 0.3921875 0.08125 0.390625 0.0828125 0.3921875 0.1140625 0.3875 0.121875 0.3875 0.1328125 0.384375 0.1421875 0.378125 0.234375 0.3734375 0.2515625 0.3734375 0.26875 0.3703125 0.284375 0.3734375 0.2953125 0.371875 0.3 0.3734375 0.3015625 0.3734375 0.3203125 0.3671875 0.3375 0.365625 0.39375 0.3625 0.396875 0.35625 0.3953125 0.3578125 0.3421875 0.359375 0.328125 0.3625 0.3203125 0.3609375 0.3 0.3625 0.2984375 0.3640625 0.259375 0.3671875 0.2453125 0.3671875 0.2234375 0.3703125 0.215625 0.3734375 0.19375 0.375 0.146875 0.378125 0.140625 0.3796875 0.1171875 0.3828125 0.1078125 0.3828125 0.084375 0.3890625 0.0421875 0.3921875 0.0015625
1 0.246875 0 0.2546875 0 0.2546875 0.0125 0.253125 0.0140625 0.253125 0.05 0.246875 0.090625 0.2453125 0.1359375 0.2421875 0.1546875 0.24375 0.15625 0.2421875 0.1921875 0.240625 0.19375 0.2421875 0.2203125 0.2390625 0.2328125 0.2390625 0.25625 0.2375 0.2578125 0.2390625 0.2625 0.2359375 0.2703125 0.2359375 0.3234375 0.23125 0.340625 0.228125 0.384375 0.2265625 0.3859375 0.221875 0.38125 0.221875 0.3421875 0.225 0.328125 0.225 0.2984375 0.2265625 0.296875 0.225 0.29375 0.2328125 0.2140625 0.2328125 0.184375 0.2359375 0.1734375 0.2359375 0.1546875 0.240625 0.1234375 0.240625 0.090625 0.24375 0.071875 0.24375 0.0390625 0.246875 0.028125 0.246875 0.0015625
1 0.859375 0 0.8625 0 0.8609375 0.021875 0.8640625 0.0546875 0.8625 0.0671875 0.8640625 0.1359375 0.8625 0.1375 0.8609375 0.221875 0.859375 0.2234375 0.8578125 0.284375 0.85625 0.2859375 0.8578125 0.3125 0.85 0.3703125 0.85 0.396875 0.8484375 0.3984375 0.8484375 0.4203125 0.8453125 0.4375 0.84375 0.46875 0.8421875 0.4703125 0.834375 0.4609375 0.8375 0.4109375 0.8390625 0.409375 0.8390625 0.3828125 0.846875 0.30625 0.846875 0.2671875 0.85 0.2484375 0.8484375 0.196875 0.8546875 0.1453125 0.8546875 0.096875 0.853125 0.09375 0.85625 0.0671875 0.85625 0.0109375 0.859375 0.0015625
1 0.190625 0 0.196875 0 0.196875 0.003125 0.1921875 0.0296875 0.1921875 0.0453125 0.1890625 0.053125 0.184375 0.0828125 0.1796875 0.146875 0.1734375 0.18125 0.175 0.19375 0.1734375 0.2109375 0.1703125 0.21875 0.1703125 0.23125 0.165625 0.2515625 0.165625 0.26875 0.1625 0.284375 0.1625 0.3140625 0.1578125 0.353125 0.159375 0.378125 0.1578125 0.38125 0.1546875 0.38125 0.1484375 0.3765625 0.1484375 0.3390625 0.1515625 0.321875 0.153125 0.278125 0.15625 0.26875 0.1609375 0.234375 0.1609375 0.2078125 0.171875 0.1421875 0.178125 0.0796875 0.184375 0.053125 0.184375 0.0390625 0.190625 0.0015625
1 0.075 0.0109375 0.0765625 0.0140625 0.075 0.053125 0.06875 0.0921875 0.0640625 0.184375 0.0609375 0.2046875 0.0609375 0.2390625 0.05625 0.275 0.053125 0.36875 0.0484375 0.3703125 0.0453125 0.365625 0.04375 0.3484375 0.046875 0.3296875 0.0515625 0.2171875 0.0546875 0.203125 0.0546875 0.1796875 0.059375 0.153125 0.0609375 0.10625 0.0640625 0.0921875 0.0671875 0.0453125 0.0734375 0.0125
1 0.871875 0 0.88125 0 0.8796875 0.009375 0.88125 0.0109375 0.8828125 0.1171875 0.884375 0.11875 0.8828125 0.1296875 0.884375 0.1375 0.8828125 0.153125 0.884375 0.2765625 0.8828125 0.278125 0.8828125 0.3234375 0.878125 0.3546875 0.8765625 0.4328125 0.8734375 0.4390625 0.871875 0.49375 0.86875 0.4953125 0.8609375 0.484375 0.8609375 0.45625 0.8640625 0.440625 0.8640625 0.41875 0.8671875 0.4046875 0.8671875 0.38125 0.86875 0.3796875 0.8703125 0.2671875 0.871875 0.265625 0.8734375 0.1578125 0.875 0.15625 0.8734375 0.1171875 0.871875 0.115625 0.871875 0.096875 0.8734375 0.0953125 0.8734375 0.0796875 0.871875 0.078125 0.8734375 0.046875 0.8703125 0.015625 0.871875 0.0015625
1 0.803125 0 0.80625 0 0.809375 0.021875 0.809375 0.0390625 0.8078125 0.040625 0.809375 0.0453125 0.8078125 0.0484375 0.8078125 0.0703125 0.809375 0.071875 0.809375 0.2453125 0.8078125 0.253125 0.809375 0.2578125 0.8078125 0.259375 0.8078125 0.2984375 0.80625 0.3 0.8046875 0.38125 0.7984375 0.4359375 0.7984375 0.4625 0.796875 0.46875 0.79375 0.46875 0.7890625 0.459375 0.79375 0.421875 0.7921875 0.4125 0.7953125 0.3875 0.7984375 0.296875 0.8 0.2953125 0.8015625 0.2359375 0.803125 0.234375 0.8015625 0.2328125 0.803125 0.225 0.803125 0.0015625
1 0.578125 0 0.5875 0 0.5890625 0.003125 0.5890625 0.0359375 0.5875 0.0375 0.5890625 0.0953125 0.5875 0.096875 0.5875 0.1359375 0.5859375 0.1375 0.5859375 0.1921875 0.58125 0.2359375 0.5828125 0.24375 0.58125 0.2875 0.5828125 0.2921875 0.5796875 0.3140625 0.5765625 0.41875 0.5734375 0.4234375 0.5703125 0.4234375 0.5671875 0.4203125 0.56875 0.325 0.5734375 0.2828125 0.571875 0.2765625 0.5734375 0.275 0.5734375 0.2421875 0.575 0.240625 0.5734375 0.2375 0.575 0.2359375 0.575 0.2015625 0.5765625 0.2 0.5765625 0.1375 0.578125 0.1359375 0.5796875 0.06875 0.58125 0.0671875 0.58125 0.0328125 0.578125 0.0234375 0.578125 0.0015625
1 0.0984375 0 0.1109375 0 0.1109375 0.0109375 0.10625 0.0390625 0.10625 0.059375 0.1015625 0.0921875 0.0984375 0.1546875 0.0953125 0.16875 0.0953125 0.1921875 0.09375 0.19375 0.0921875 0.265625 0.090625 0.2671875 0.0921875 0.3078125 0.0890625 0.3375 0.0890625 0.365625 0.0859375 0.375 0.0859375 0.3953125 0.084375 0.396875 0.0703125 0.390625 0.0734375 0.2828125 0.075 0.28125 0.075 0.2546875 0.078125 0.240625 0.078125 0.196875 0.08125 0.18125 0.0859375 0.1015625 0.0921875 0.05625 0.0921875 0.034375 0.0984375 0.0015625
1 0.9502604166666666 0.3537037037037037 0.9505208333333333 0.36666666666666664 0.94921875 0.3763888888888889 0.9494791666666667 0.3875 0.9484375 0.39166666666666666 0.94921875 0.40694444444444444 0.9455729166666667 0.43888888888888883 0.9463541666666666 0.4416666666666666 0.9455729166666667 0.4569444444444444 0.9494791666666667 0.45879629629629626 0.9528645833333332 0.4564814814814815 0.9533854166666667 0.4532407407407407 0.9565104166666666 0.40046296296296297 0.9575520833333332 0.39768518518518514 0.9567708333333332 0.3848379629629629 0.96015625 0.325 0.9596354166666666 0.3199074074074074 0.9609375 0.3138888888888889 0.96484375 0.24305555555555552 0.9674479166666666 0.22777777777777777 0.9669270833333332 0.20972222222222223 0.96796875 0.1986111111111111 0.9669270833333332 0.18148148148148147 0.9690104166666667 0.14907407407407408 0.9692708333333332 0.11944444444444444 0.9684895833333332 0.09768518518518518 0.9669270833333332 0.08935185185185185 0.9658854166666666 0.0912037037037037 0.9651041666666667 0.11527777777777777 0.9638020833333332 0.11944444444444444 0.9651041666666667 0.12268518518518519 0.9651041666666667 0.13194444444444445 0.96328125 0.14027777777777778 0.95859375 0.14351851851851852 0.95703125 0.1472222222222222 0.9580729166666666 0.1560185185185185 0.95703125 0.17546296296296296 0.9575520833333332 0.199537037037037 0.9591145833333332 0.21759259259259256 0.9588541666666666 0.2347222222222222 0.9546875 0.2564814814814815 0.9520833333333332 0.30277777777777776 0.94921875 0.3208333333333333 0.9515625 0.3402777777777778 0.9502604166666666 0.3537037037037037
1 0.9841145833333332 0.029629629629629627 0.9841145833333332 0.03657407407407407 0.9864583333333332 0.05185185185185185 0.9861979166666666 0.06064814814814814 0.9877604166666666 0.06342592592592591 0.9877604166666666 0.06759259259259259 0.9911458333333332 0.0699074074074074 0.99375 0.0611111111111111 0.99375 0.05648148148148148 0.9921875 0.050925925925925916 0.9921875 0 0.98671875 0 0.9856770833333333 0.02638888888888889 0.9841145833333332 0.029629629629629627
1 0.9877604166666666 0.324537037037037 0.9895833333333333 0.3282407407407407 0.99140625 0.32870370370370366 0.9940104166666666 0.324537037037037 0.9950520833333332 0.2273148148148148 0.9942708333333332 0.21666666666666665 0.99453125 0.15694444444444444 0.9916666666666666 0.15046296296296297 0.9916666666666666 0.14675925925925926 0.99296875 0.14398148148148146 0.9932291666666666 0.1324074074074074 0.9942708333333332 0.1300925925925926 0.9932291666666666 0.10231481481481482 0.9947916666666666 0.07407407407407407 0.9908854166666666 0.07175925925925926 0.9877604166666666 0.07268518518518519 0.9872395833333332 0.07453703703703704 0.9869791666666666 0.31620370370370365 0.9877604166666666 0.324537037037037
1 0.9752604166666666 0.4462962962962963 0.97734375 0.45138888888888884 0.9768229166666667 0.4564814814814815 0.9807291666666667 0.4569444444444444 0.9809895833333332 0.4458333333333333 0.9822916666666666 0.4393518518518518 0.9807291666666667 0.43287037037037035 0.98125 0.4287037037037037 0.9776041666666666 0.42407407407407405 0.9765625 0.425462962962963 0.9760416666666666 0.4444444444444445 0.9752604166666666 0.4462962962962963
1 0.9768229166666667 0.41388888888888886 0.9760416666666666 0.4185185185185185 0.9807291666666667 0.4208333333333333 0.9822916666666666 0.4180555555555555 0.9807291666666667 0.4111111111111111 0.9830729166666666 0.3972222222222222 0.98203125 0.3949074074074074 0.9838541666666666 0.3902777777777778 0.9828125 0.387037037037037 0.9848958333333332 0.3833333333333333 0.98359375 0.37870370370370365 0.9856770833333333 0.3763888888888889 0.9828125 0.374537037037037 0.9822916666666666 0.3643518518518518 0.9848958333333332 0.3555555555555555 0.984375 0.336574074074074 0.9854166666666666 0.3208333333333333 0.984375 0.31805555555555554 0.9856770833333333 0.2935185185185185 0.9859375 0.1935185185185185 0.984375 0.17314814814814813 0.98515625 0.16759259259259257 0.9841145833333332 0.1638888888888889 0.9822916666666666 0.16759259259259257 0.98359375 0.17314814814814813 0.9815104166666666 0.18518518518518517 0.9815104166666666 0.22129629629629627 0.9794270833333332 0.24675925925925926 0.9752604166666666 0.40555555555555556 0.9768229166666667 0.41388888888888886
1 0.7565104166666666 0.20925925925925926 0.7557291666666666 0.23703703703703702 0.7557291666666666 0.27314814814814814 0.75234375 0.31296296296296294 0.7526041666666666 0.33148148148148143 0.7505208333333333 0.34074074074074073 0.7497395833333333 0.3625 0.7479166666666666 0.3722222222222222 0.7489583333333333 0.38009259259259254 0.7471354166666666 0.3837962962962963 0.7458333333333333 0.39305555555555555 0.7453125 0.4222222222222222 0.74375 0.43148148148148147 0.7442708333333333 0.4375 0.7481770833333333 0.44027777777777777 0.7518229166666666 0.43611111111111106 0.7583333333333333 0.336574074074074 0.7598958333333333 0.324537037037037 0.7598958333333333 0.30046296296296293 0.7630208333333333 0.2574074074074074 0.7625 0.21296296296296294 0.7645833333333333 0.199537037037037 0.7658854166666667 0.17638888888888887 0.7651041666666666 0.11805555555555555 0.7661458333333333 0.07407407407407407 0.7635416666666666 0.04143518518518518 0.7640625 0.012037037037037037 0.7658854166666667 0.005092592592592592 0.7645833333333333 0 0.7575520833333333 0 0.7572916666666666 0.20694444444444443 0.7565104166666666 0.20925925925925926
1 0.74375 0.20185185185185187 0.74296875 0.21574074074074073 0.7408854166666666 0.22268518518518515 0.7403645833333333 0.2324074074074074 0.7432291666666666 0.25555555555555554 0.7447916666666666 0.2569444444444444 0.7455729166666666 0.25509259259259254 0.7455729166666666 0.22962962962962963 0.7471354166666666 0.19583333333333333 0.7455729166666666 0.19027777777777777 0.7466145833333333 0.18194444444444444 0.74453125 0.15462962962962962 0.7432291666666666 0.1560185185185185 0.7427083333333333 0.16157407407407406 0.7411458333333333 0.1638888888888889 0.7427083333333333 0.16666666666666666 0.74375 0.20185185185185187
1 0.7317708333333333 0.4421296296296296 0.7377604166666666 0.4458333333333333 0.7401041666666666 0.44259259259259254 0.73984375 0.4351851851851851 0.7408854166666666 0.43240740740740735 0.7401041666666666 0.4296296296296296 0.7419270833333333 0.425 0.74140625 0.3953703703703703 0.74375 0.37731481481481477 0.74296875 0.3657407407407407 0.7450520833333333 0.3592592592592593 0.7432291666666666 0.3560185185185185 0.74453125 0.3518518518518518 0.7432291666666666 0.35 0.7424479166666667 0.3398148148148148 0.7447916666666666 0.33148148148148143 0.7442708333333333 0.3277777777777778 0.74609375 0.3212962962962963 0.7434895833333333 0.31157407407407406 0.7434895833333333 0.3074074074074074 0.7447916666666666 0.30462962962962964 0.7442708333333333 0.29212962962962963 0.7453125 0.29027777777777775 0.7455729166666666 0.2833333333333333 0.7453125 0.26157407407407407 0.74453125 0.2597222222222222 0.7419270833333333 0.26064814814814813 0.7395833333333333 0.26620370370370366 0.73828125 0.2754629629629629 0.7385416666666667 0.28379629629629627 0.73359375 0.3 0.73359375 0.4106481481481481 0.7317708333333333 0.4421296296296296
1 0.721875 0.3273148148148148 0.72109375 0.35416666666666663 0.71953125 0.3675925925925926 0.7169270833333333 0.44351851851851853 0.7216145833333333 0.44305555555555554 0.7229166666666667 0.4412037037037037 0.72421875 0.4356481481481481 0.725 0.41759259259259257 0.7278645833333333 0.40509259259259256 0.7286458333333333 0.3888888888888889 0.7278645833333333 0.37916666666666665 0.72890625 0.37361111111111106 0.7346354166666667 0.26759259259259255 0.7361979166666666 0.2064814814814815 0.73515625 0.18518518518518517 0.73671875 0.17638888888888887 0.7361979166666666 0.16805555555555554 0.734375 0.16527777777777777 0.7333333333333333 0.16759259259259257 0.7328125 0.17947546296296296 0.7263020833333333 0.22361111111111112 0.72578125 0.23194444444444443 0.7276041666666666 0.24074074074074076 0.72734375 0.24768518518518517 0.7234375 0.2587962962962963 0.7231770833333333 0.3212962962962963 0.721875 0.3273148148148148
1 0.7020833333333333 0.2134259259259259 0.703125 0.21620370370370368 0.7044270833333333 0.21203703703703702 0.7044270833333333 0.2074074074074074 0.7041666666666666 0.19166666666666665 0.7028645833333333 0.1847222222222222 0.7015625 0.19814814814814813 0.7020833333333333 0.2134259259259259
1 0.69609375 0.32685185185185184 0.69609375 0.3384259259259259 0.7 0.336574074074074 0.703125 0.31759259259259254 0.7020833333333333 0.3087962962962963 0.7028645833333333 0.30324074074074076 0.7018229166666666 0.30046296296296293 0.7033854166666667 0.2879629629629629 0.7036458333333333 0.2564814814814815 0.7046875 0.24166666666666664 0.7065104166666666 0.23796296296296293 0.7044270833333333 0.2324074074074074 0.703125 0.21805555555555553 0.6997395833333333 0.2375 0.7005208333333333 0.2398148148148148 0.6986979166666666 0.2597222222222222 0.6981770833333333 0.3050925925925926 0.69609375 0.32685185185185184
1 0.6294270833333333 0.29259259259259257 0.6294270833333333 0.34907407407407404 0.6270833333333333 0.3648148148148148 0.6247395833333333 0.3694444444444444 0.6255208333333333 0.3722222222222222 0.6244791666666666 0.37916666666666665 0.625 0.3907407407407407 0.6236979166666666 0.39398148148148143 0.62265625 0.41157407407407404 0.6231770833333333 0.4287037037037037 0.6268229166666666 0.42453703703703705 0.62890625 0.4148148148148148 0.6309895833333333 0.4106481481481481 0.6388020833333333 0.3398148148148148 0.6411458333333333 0.13333333333333333 0.6403645833333333 0.08842592592592592 0.6419270833333333 0.07175925925925926 0.6419270833333333 0.05694444444444444 0.6403645833333333 0.053240740740740734 0.6377604166666666 0.05555555555555556 0.634375 0.14351851851851852 0.6348958333333333 0.14922824074074076 0.6325520833333333 0.17129629629629628 0.6315104166666666 0.24259259259259255 0.6294270833333333 0.29259259259259257
1 0.6544270833333333 0.437962962962963 0.6567708333333333 0.43425925925925923 0.6578125 0.4273148148148148 0.6588541666666666 0.399074074074074 0.6578125 0.39305555555555555 0.6549479166666666 0.3958333333333333 0.65390625 0.4106481481481481 0.6528645833333333 0.43425925925925923 0.6544270833333333 0.437962962962963
1 0.6736979166666666 0.38055555555555554 0.6744791666666666 0.4148148148148148 0.6807291666666666 0.4143518518518518 0.6794270833333333 0.4356481481481481 0.6822916666666666 0.44027777777777777 0.684375 0.4356481481481481 0.6856770833333333 0.425 0.6856770833333333 0.39629629629629626 0.68671875 0.3902777777777778 0.6872395833333333 0.3569444444444444 0.6893229166666666 0.33148148148148143 0.6901041666666666 0.2787037037037037 0.6919270833333333 0.26944444444444443 0.6916666666666667 0.23148148148148148 0.6932291666666666 0.22407407407407404 0.6924479166666666 0.21157407407407405 0.69375 0.15416666666666665 0.6927083333333333 0.14305555555555555 0.6940104166666666 0.14074074074074075 0.6950520833333333 0.12407407407407407 0.6942708333333333 0.11342592592592593 0.6924479166666666 0.10879629629629628 0.6934895833333333 0.09537037037037036 0.696875 0.08101851851851852 0.6973958333333333 0.06898148148148148 0.6989583333333333 0.06388888888888888 0.696875 0.059259259259259255 0.6932291666666666 0.05555555555555556 0.6932291666666666 0.04259259259259259 0.68984375 0.043981481481481476 0.6846354166666666 0.041666666666666664 0.6815104166666666 0.046296296296296294 0.6752604166666666 0.36342592592592593 0.6736979166666666 0.38055555555555554
1 0.66015625 0.2185185185185185 0.65859375 0.225 0.6588541666666666 0.2347222222222222 0.6596354166666666 0.2513888888888889 0.6622395833333333 0.25416666666666665 0.66484375 0.25277777777777777 0.6666666666666666 0.24814814814814815 0.6658854166666666 0.2333333333333333 0.66796875 0.2134259259259259 0.66640625 0.16527777777777777 0.66640625 0.16018518518518518 0.66796875 0.15416666666666665 0.6658854166666666 0.1509259259259259 0.66640625 0.14027777777777778 0.66484375 0.13148148148148148 0.6640625 0.13333333333333333 0.6638020833333333 0.15185185185185185 0.6609375 0.17129629629629628 0.6609375 0.18333333333333332 0.659375 0.19212962962962962 0.66015625 0.19537037037037036 0.66015625 0.2185185185185185
1 0.515625 0.3763888888888889 0.51875 0.3662037037037037 0.5169270833333333 0.3578703703703704 0.5177083333333333 0.3555555555555555 0.515625 0.34907407407407404 0.5127604166666666 0.3625 0.5125 0.3662037037037037 0.515625 0.3763888888888889
1 0.5221354166666666 0.14444444444444443 0.521875 0.17824074074074073 0.51875 0.2189814814814815 0.5171875 0.2722222222222222 0.5151041666666666 0.28518518518518515 0.5151041666666666 0.31111111111111106 0.515625 0.31759259259259254 0.5190104166666666 0.32407407407407407 0.51796875 0.32685185185185184 0.5184895833333333 0.3347222222222222 0.5208333333333333 0.33148148148148143 0.5223958333333333 0.33148148148148143 0.52265625 0.32546296296296295 0.52109375 0.3194444444444444 0.52578125 0.20277777777777778 0.5247395833333333 0.1847222222222222 0.5270833333333333 0.17453703703703702 0.5265625 0.15787037037037038 0.5278645833333333 0.1509259259259259 0.5294270833333333 0.07777777777777777 0.5299479166666666 0.03333333333333333 0.5291666666666666 0.008333333333333333 0.5283854166666666 0 0.5244791666666666 0 0.5244791666666666 0.1222222222222222 0.5221354166666666 0.14444444444444443
1 0.4893229166666666 0.336574074074074 0.4888020833333333 0.3458333333333333 0.48671875 0.3486111111111111 0.48671875 0.35416666666666663 0.484375 0.35648148148148145 0.4885416666666666 0.3555555555555555 0.4916666666666666 0.3486111111111111 0.4927083333333333 0.2930555555555555 0.4911458333333333 0.28564814814814815 0.48828125 0.3 0.48697916666666663 0.3282407407407407 0.4893229166666666 0.336574074074074
1 0.4765625 0.30787037037037035 0.4768229166666666 0.31759259259259254 0.47916666666666663 0.3226851851851852 0.47890625 0.324537037037037 0.4807291666666666 0.3259259259259259 0.4817708333333333 0.2949074074074074 0.484375 0.2810185185185185 0.4833333333333333 0.2652777777777778 0.4846354166666666 0.262037037037037 0.4822916666666666 0.2333333333333333 0.4809895833333333 0.2310185185185185 0.47890625 0.24768518518518517 0.4802083333333333 0.28009259259259256 0.4765625 0.30787037037037035
1 0.48515625 0.3555555555555555 0.4825520833333333 0.35509259259259257 0.4841145833333333 0.3726851851851852 0.48515625 0.3555555555555555
1 0.4890625 0.2763888888888889 0.49140625 0.2814814814814815 0.49296875 0.2787037037037037 0.4940104166666666 0.2708333333333333 0.4963541666666666 0.22037037037037038 0.49479166666666663 0.2125 0.4919270833333333 0.22916666666666666 0.49088541666666663 0.23055555555555554 0.4893229166666666 0.24722222222222218 0.48984375 0.26944444444444443 0.4890625 0.2763888888888889
1 0.4216145833333333 0.3662037037037037 0.4203125 0.38657407407407407 0.4223958333333333 0.3884259259259259 0.42421875 0.38657407407407407 0.4252604166666666 0.38009259259259254 0.42578125 0.35972222222222217 0.4354166666666666 0.3069444444444444 0.4333333333333333 0.3055555555555555 0.4328125 0.2986111111111111 0.4338541666666666 0.2967592592592593 0.4330729166666666 0.2930555555555555 0.43515625 0.28657407407407404 0.4356770833333333 0.28055555555555556 0.4348958333333333 0.2708333333333333 0.43671875 0.25925925925925924 0.43619791666666663 0.24351851851851852 0.4390625 0.22777777777777777 0.4380208333333333 0.22453703703703703 0.4393229166666666 0.22037037037037038 0.4388020833333333 0.21805555555555553 0.4408854166666666 0.20277777777777778 0.4403645833333333 0.19583333333333333 0.44453125 0.15416666666666665 0.44375 0.14814814814814814 0.4447916666666666 0.14398148148148146 0.4450520833333333 0.1324074074074074 0.4484375 0.11527777777777777 0.44791666666666663 0.10185185185185183 0.44921875 0.09027777777777776 0.4505208333333333 0.08703703703703704 0.4578125 0.09259259259259259 0.4598958333333333 0.09675925925925925 0.465625 0.09814814814814814 0.46640625 0.10277777777777777 0.46796875 0.10185185185185183 0.46796875 0.09814814814814814 0.4703125 0.09537037037037036 0.4708333333333333 0.09259259259259259 0.4703125 0.08472222222222223 0.4682291666666666 0.08055555555555555 0.46875 0.07407407407407407 0.4677083333333333 0.06481481481481481 0.4684895833333333 0.059259259259259255 0.4721354166666666 0.050462962962962966 0.46953125 0.032407407407407406 0.47109375 0.029166666666666664 0.47109375 0.025925925925925925 0.4703125 0.02222222222222222 0.4643229166666666 0.016666666666666666 0.4614583333333333 0 0.4442708333333333 0 0.4390625 0.018055555555555554 0.4390625 0.02638888888888889 0.44140625 0.03194444444444444 0.443359375 0.032407407407407406 0.446875 0.037037037037037035 0.4471354166666666 0.04351851851851852 0.4447916666666666 0.05601851851851851 0.44375 0.05694444444444444 0.4432291666666666 0.06759259259259259 0.4408854166666666 0.07175925925925926 0.44140625 0.07731481481481481 0.43984375 0.08148148148148147 0.4403645833333333 0.08472222222222223 0.4385416666666666 0.08796296296296295 0.43984375 0.09768518518518518 0.4390625 0.10231481481481482 0.440625 0.10833333333333332 0.440625 0.12037037037037038 0.4395833333333333 0.12638888888888888 0.4369791666666666 0.12962962962962962 0.4341145833333333 0.14675925925925926 0.4341145833333333 0.15416666666666665 0.43619791666666663 0.1597222222222222 0.4354166666666666 0.1648148148148148 0.43671875 0.16805555555555554 0.4333333333333333 0.19675925925925924 0.4286458333333333 0.20324074074074075 0.4276041666666666 0.24027777777777776 0.425 0.26157407407407407 0.42578125 0.2657407407407407 0.4229166666666666 0.27268518518518514 0.4216145833333333 0.2935185185185185 0.4229166666666666 0.2958333333333333 0.4231770833333333 0.3 0.4208333333333333 0.3143518518518518 0.4200520833333333 0.3393518518518518 0.4216145833333333 0.3662037037037037
1 0.3833333333333333 0.40324074074074073 0.3872395833333333 0.4023148148148148 0.3885416666666667 0.39768518518518514 0.38828125 0.36064814814814816 0.39088541666666665 0.33425925925925926 0.3927083333333333 0.3277777777777778 0.39375 0.3060185185185185 0.3953125 0.29907407407407405 0.39479166666666665 0.2884259259259259 0.39765625 0.26944444444444443 0.39713541666666663 0.26064814814814813 0.4002604166666666 0.24722222222222218 0.4026041666666666 0.2444444444444444 0.4033854166666666 0.23657407407407405 0.40390625 0.2273148148148148 0.4026041666666666 0.22361111111111112 0.4018229166666666 0.2111111111111111 0.403125 0.2 0.4028645833333333 0.17962962962962964 0.4083333333333333 0.1162037037037037 0.41015625 0.07592592592592592 0.4119791666666666 0.05694444444444444 0.4114583333333333 0.04768518518518518 0.4078125 0.05185185185185185 0.40703125 0.05601851851851851 0.4041666666666666 0.08472222222222223 0.403125 0.10972222222222221 0.39947916666666666 0.12962962962962962 0.39713541666666663 0.17222222222222222 0.3924479166666667 0.21759259259259256 0.3927083333333333 0.23148148148148148 0.39010416666666664 0.24074074074074076 0.3885416666666667 0.26620370370370366 0.38697916666666665 0.27175925925925926 0.3794270833333333 0.3837962962962963 0.3796875 0.40046296296296297 0.3833333333333333 0.40324074074074073
1 0.12421875 0.262037037037037 0.12447916666666665 0.26620370370370366 0.12317708333333333 0.2791666666666667 0.12395833333333332 0.28379629629629627 0.11927083333333333 0.33148148148148143 0.12005208333333332 0.337037037037037 0.11744791666666665 0.34907407407407404 0.11614583333333332 0.3699074074074074 0.12317708333333333 0.3726851851851852 0.12552083333333333 0.36666666666666664 0.12630208333333331 0.3412037037037037 0.12760416666666666 0.33518518518518514 0.13203125 0.2861111111111111 0.13072916666666665 0.26805555555555555 0.13177083333333334 0.2583333333333333 0.13125 0.23703703703703702 0.13203125 0.2263888888888889 0.134375 0.21990740740740738 0.13463541666666665 0.21666666666666665 0.13307291666666665 0.21018518518518517 0.13463541666666665 0.20185185185185187 0.13567708333333334 0.18518518518518517 0.13697916666666665 0.1824074074074074 0.13645833333333332 0.17777777777777776 0.1375 0.175 0.13671875 0.1638888888888889 0.13958333333333334 0.1125 0.14270833333333333 0.09027777777777776 0.14505208333333333 0.05740740740740741 0.15182291666666664 0 0.146875 0 0.1453125 0.01898148148148148 0.14401041666666664 0.023148148148148147 0.14010416666666664 0.0537037037037037 0.13802083333333331 0.06018518518518519 0.13854166666666665 0.075 0.13489583333333333 0.10185185185185183 0.13072916666666665 0.15324074074074073 0.12838541666666664 0.1685185185185185 0.12682291666666665 0.20277777777777778 0.12578125 0.21018518518518517 0.12395833333333332 0.21388888888888888 0.12447916666666665 0.23125 0.12213541666666665 0.2449074074074074 0.12239583333333333 0.2587962962962963 0.12421875 0.262037037037037
1 0.22265625 0.22916666666666666 0.22838541666666665 0.22407407407407404 0.2263020833333333 0.21712962962962962 0.2263020833333333 0.2125 0.22760416666666666 0.21018518518518517 0.228125 0.2 0.2302083333333333 0.19444444444444445 0.2325520833333333 0.1685185185185185 0.2325520833333333 0.15787037037037038 0.23541666666666666 0.1375 0.24010416666666665 0.08101851851851852 0.2411458333333333 0.07824074074074074 0.2411458333333333 0.06435185185185185 0.23697916666666666 0.06759259259259259 0.2372395833333333 0.07175925925925926 0.2359375 0.07777777777777777 0.23619791666666665 0.09259259259259259 0.2341145833333333 0.09490740740740741 0.2296875 0.12962962962962962 0.2231770833333333 0.19629629629629627 0.22291666666666665 0.21018518518518517 0.2203125 0.22361111111111112 0.2203125 0.2375 0.22265625 0.22916666666666666
1 0.19947916666666665 0.23148148148148148 0.19869791666666664 0.2375 0.19973958333333333 0.24212962962962964 0.203125 0.2384259259259259 0.20442708333333331 0.22361111111111112 0.2028645833333333 0.21527777777777776 0.20026041666666666 0.22361111111111112 0.2013020833333333 0.22916666666666666 0.19947916666666665 0.23148148148148148
1 0.20182291666666666 0.19814814814814813 0.20260416666666664 0.20324074074074075 0.20182291666666666 0.20694444444444443 0.20338541666666665 0.20787037037037037 0.20651041666666664 0.20324074074074075 0.20442708333333331 0.2009259259259259 0.20572916666666666 0.19583333333333333 0.20338541666666665 0.19166666666666665 0.20494791666666665 0.18194444444444444 0.20416666666666666 0.17175925925925925 0.2067708333333333 0.16805555555555554 0.2075520833333333 0.16435185185185183 0.2091145833333333 0.137037037037037 0.20859375 0.13287037037037036 0.21171875 0.12037037037037038 0.2114583333333333 0.11527777777777777 0.2145833333333333 0.0962962962962963 0.2138020833333333 0.075 0.2145833333333333 0.06666666666666667 0.21354166666666666 0.06342592592592591 0.209375 0.07407407407407407 0.21119791666666665 0.08024675925925925 0.209375 0.09537037037037036 0.20572916666666666 0.10231481481481482 0.203125 0.11574074074074074 0.2020833333333333 0.1388888888888889 0.20260416666666664 0.15555555555555553 0.2013020833333333 0.1662037037037037 0.19947916666666665 0.17175925925925925 0.19921875 0.19583333333333333 0.20182291666666666 0.19814814814814813
1 0.24739583333333331 0.3277777777777778 0.24869791666666666 0.3324074074074074 0.24739583333333331 0.33518518518518514 0.24921875 0.336574074074074 0.24921875 0.3416666666666667 0.2515625 0.3449074074074074 0.25260416666666663 0.31759259259259254 0.2515625 0.31620370370370365 0.24947916666666664 0.3208333333333333 0.25026041666666665 0.324537037037037 0.24739583333333331 0.3277777777777778
1 0.25729166666666664 0.2847222222222222 0.25625 0.2861111111111111 0.25703125 0.2898148148148148 0.25859375 0.29027777777777775 0.25885416666666666 0.2816356481481481 0.2606770833333333 0.2722222222222222 0.25885416666666666 0.27037037037037037 0.26015625 0.2652777777777778 0.25651041666666663 0.25555555555555554 0.2591145833333333 0.2513888888888889 0.2598958333333333 0.2375 0.25807291666666665 0.23425925925925925 0.2567708333333333 0.2273148148148148 0.25859375 0.2263888888888889 0.26171875 0.21944444444444441 0.2635416666666667 0.20787037037037037 0.26432291666666663 0.2 0.2635416666666667 0.18796296296296294 0.26588541666666665 0.17453703703703702 0.2661458333333333 0.15555555555555553 0.2700520833333333 0.13796296296296295 0.27057291666666666 0.12314814814814815 0.26901041666666664 0.11759259259259258 0.26666666666666666 0.12314814814814815 0.2653645833333333 0.12962962962962962 0.2661458333333333 0.13333333333333333 0.26119791666666664 0.15185185185185185 0.259375 0.17777777777777776 0.26015625 0.18287037037037035 0.2596354166666667 0.19027777777777777 0.2578125 0.19722222222222222 0.25729166666666664 0.21712962962962962 0.2546875 0.22407407407407404 0.2544270833333333 0.2791666666666667 0.25729166666666664 0.2847222222222222
1 0.3106770833333333 0.16342592592592592 0.31119791666666663 0.15740740740740738 0.31484375 0.15046296296296297 0.315625 0.14027777777777778 0.3140625 0.13333333333333333 0.31197916666666664 0.14027777777777778 0.31276041666666665 0.14259259259259258 0.31119791666666663 0.15185185185185185 0.30963541666666666 0.15462962962962962 0.3091145833333333 0.15787037037037038 0.3106770833333333 0.16342592592592592
1 0.30546875 0.2208333333333333 0.30390625 0.22361111111111112 0.30338541666666663 0.23055555555555554 0.3046875 0.23379629629629628 0.30390625 0.23703703703703702 0.3044270833333333 0.24166666666666664 0.3026041666666667 0.2513888888888889 0.2984375 0.3013888888888889 0.29713541666666665 0.3069444444444444 0.29765625 0.31111111111111106 0.2953125 0.3277777777777778 0.2942708333333333 0.35462962962962963 0.2921875 0.3657407407407407 0.29322916666666665 0.3763888888888889 0.2958333333333333 0.37916666666666665 0.2966145833333333 0.38564814814814813 0.3 0.3731481481481481 0.29947916666666663 0.3680555555555555 0.3013020833333333 0.3259259259259259 0.3036458333333333 0.30787037037037035 0.3046875 0.2754629629629629 0.3065104166666667 0.262037037037037 0.30546875 0.2569444444444444 0.30729166666666663 0.25277777777777777 0.3083333333333333 0.2185185185185185 0.3106770833333333 0.2111111111111111 0.3122395833333333 0.18888888888888888 0.3130208333333333 0.16759259259259257 0.31119791666666663 0.16527777777777777 0.3091145833333333 0.16759259259259257 0.3046875 0.20925925925925926 0.30416666666666664 0.21666666666666665 0.30546875 0.2208333333333333
0 0.2638020833333333 0.3537037037037037 0.26588541666666665 0.3662037037037037 0.26822916666666663 0.3731481481481481 0.26901041666666664 0.37962962962962965 0.26822916666666663 0.3907407407407407 0.26901041666666664 0.3935185185185185 0.27213541666666663 0.4023148148148148 0.2770833333333333 0.40925925925925927 0.2833333333333333 0.4111111111111111 0.2864583333333333 0.40879629629629627 0.2895833333333333 0.39444444444444443 0.2911458333333333 0.3935185185185185 0.2927083333333333 0.387037037037037 0.29140625 0.3768518518518518 0.28854166666666664 0.374537037037037 0.2872395833333333 0.3685185185185185 0.2875 0.3648148148148148 0.2903645833333333 0.3625 0.2911458333333333 0.3472222222222222 0.28828125 0.34444444444444444 0.2770833333333333 0.34259259259259256 0.26510416666666664 0.3453703703703704 0.265625 0.3486111111111111 0.2638020833333333 0.3537037037037037