1 0.5092592592592593 0.8213541666666666 0.5189814814814815 0.8270833333333332 0.5222222222222223 0.8283854166666667 0.5259259259259259 0.8283854166666667 0.5291666666666666 0.8244791666666667 0.5314814814814814 0.8114583333333332 0.537037037037037 0.796875 0.5421296296296296 0.77265625 0.5472222222222223 0.7580729166666667 0.548148148148148 0.7427950520833333 0.5527777777777778 0.7239583333333333 0.5537037037037036 0.7046875 0.5574074074074074 0.6885416666666666 0.562962962962963 0.63203125 0.5708333333333333 0.5885416666666666 0.5726851851851851 0.5354166666666667 0.5763888888888888 0.5192708333333333 0.5828703703703704 0.4671875 0.5972222222222222 0.3364583333333333 0.5949074074074073 0.32057291666666665 0.5856481481481481 0.3255208333333333 0.5837962962962963 0.3278645833333333 0.5773148148148148 0.3671875 0.5740740740740741 0.3765625 0.5694444444444444 0.4236979166666666 0.5662037037037037 0.4356770833333333 0.5611111111111111 0.4806966145833333 0.5527777777777778 0.5302083333333333 0.5305555555555556 0.7036458333333333 0.525462962962963 0.7190104166666667 0.524074074074074 0.7421875 0.5185185185185185 0.7559895833333333 0.512962962962963 0.7830729166666666 0.5041666666666667 0.8072916666666666 0.5046296296296295 0.8145833333333332 0.5092592592592593 0.8213541666666666
1 0.28703703703703703 0.7622395833333333 0.2930555555555555 0.7666666666666666 0.30092592592592593 0.7692708333333333 0.3101851851851852 0.7447916666666666 0.31157407407407406 0.72890625 0.31805555555555554 0.7130208333333333 0.3194444444444444 0.7013020833333333 0.32685185185185184 0.67890625 0.3333333333333333 0.6513020833333333 0.33379629629629626 0.6401041666666666 0.3402777777777778 0.6302083333333333 0.35138888888888886 0.5802083333333333 0.35416666666666663 0.575 0.35509259259259257 0.5643229166666666 0.3657407407407407 0.5434895833333333 0.38657407407407407 0.4708333333333333 0.40925925925925927 0.4151041666666666 0.412962962962963 0.390625 0.4111111111111111 0.38697916666666665 0.4078703703703703 0.38619791666666664 0.399537037037037 0.39713541666666663 0.39259259259259255 0.4213541666666666 0.39120370370370366 0.4234375 0.387037037037037 0.4252604166666666 0.3847222222222222 0.43229166666666663 0.37962962962962965 0.4390625 0.3625 0.48203125 0.35277777777777775 0.5182291666666666 0.3458333333333333 0.5291666666666666 0.3398148148148148 0.54296875 0.3296296296296296 0.5807291666666666 0.33009259259259255 0.5927083333333333 0.32361111111111107 0.6109375 0.31574074074074077 0.6432291666666666 0.3069444444444444 0.66171875 0.3018518518518518 0.6872395833333333 0.2930555555555555 0.7106770833333333 0.2828703703703704 0.7494791666666666 0.2828703703703704 0.75625 0.28703703703703703 0.7622395833333333
1 0.10324074074074074 0.7 0.10925925925925925 0.7005208333333333 0.11342592592592593 0.6927083333333333 0.12037037037037038 0.6708333333333333 0.12916666666666665 0.6330729166666667 0.137037037037037 0.6161458333333333 0.14259259259259258 0.5958333333333333 0.1509259259259259 0.5778645833333333 0.16157407407407406 0.5458333333333333 0.16527777777777777 0.5294270833333333 0.16296296296296295 0.5263020833333333 0.16527777777777777 0.52109375 0.16157407407407406 0.5190104166666666 0.16064814814814815 0.5236979166666667 0.15185185185185185 0.5369791666666666 0.13287037037037036 0.5776041666666666 0.10324074074074074 0.6609375 0.09861111111111111 0.6783854166666666 0.10092592592592593 0.6984375 0.10324074074074074 0.7
1 0.07546296296296295 0.6763020833333333 0.07685185185185185 0.67890625 0.08148148148148147 0.6796875 0.08518518518518518 0.6763020833333333 0.08842592592592592 0.6653645833333333 0.09212962962962963 0.64453125 0.09722222222222222 0.6294270833333333 0.09675925925925925 0.6202257812499999 0.09861111111111111 0.61484375 0.09490740740740741 0.6174479166666667 0.08472222222222223 0.63359375 0.07824074074074074 0.6505208333333333 0.07824074074074074 0.66484375 0.07546296296296295 0.6763020833333333
1 0.035648148148148144 0.6510416666666666 0.03611111111111111 0.6580729166666666 0.04259259259259259 0.6614583333333333 0.050462962962962966 0.66171875 0.0537037037037037 0.6583333333333333 0.06157407407407407 0.6200520833333333 0.07268518518518519 0.59609375 0.07314814814814814 0.59140625 0.07083333333333333 0.5893229166666666 0.06666666666666667 0.5890625 0.0625 0.5924479166666666 0.055092592592592596 0.60546875 0.043055555555555555 0.63359375 0.04027777777777777 0.64453125 0.035648148148148144 0.6510416666666666
1 0.15879629629629627 0.7138020833333333 0.16435185185185183 0.7203125 0.17175925925925925 0.72421875 0.175 0.7213541666666666 0.18194444444444444 0.6994791666666667 0.199537037037037 0.6216145833333333 0.21388888888888888 0.5880208333333333 0.22361111111111112 0.5546875 0.2361111111111111 0.5255208333333333 0.2384259259259259 0.5145833333333333 0.24861111111111112 0.4880208333333333 0.2509259259259259 0.4734375 0.25462962962962965 0.4669270833333333 0.25462962962962965 0.4643229166666666 0.25277777777777777 0.46328125 0.2458333333333333 0.4643229166666666 0.23379629629629628 0.48046875 0.23148148148148148 0.4890625 0.21296296296296294 0.5294270833333333 0.2074074074074074 0.5466145833333333 0.20277777777777778 0.5533854166666666 0.19212962962962962 0.5981770833333333 0.1787037037037037 0.6333333333333333 0.17685185185185184 0.64375 0.16342592592592592 0.68125 0.1625 0.6997395833333333 0.15879629629629627 0.7138020833333333
1 0.25925925925925924 0.70625 0.2652777777777778 0.7080729166666666 0.2689814814814815 0.7078125 0.27129629629629626 0.70625 0.275 0.6895833333333333 0.2847222222222222 0.6645833333333333 0.2898148148148148 0.6341145833333333 0.2861111111111111 0.6276041666666666 0.2828703703703704 0.62890625 0.2657407407407407 0.6747395833333333 0.2587962962962963 0.7020833333333333 0.25925925925925924 0.70625
1 0.22037037037037038 0.6888020833333333 0.22037037037037038 0.6924479166666666 0.22361111111111112 0.69453125 0.22916666666666666 0.6940104166666666 0.23148148148148148 0.6927083333333333 0.23287037037037037 0.68046875 0.2361111111111111 0.6760416666666667 0.2384259259259259 0.6752604166666666 0.24259259259259255 0.6760416666666667 0.2444444444444444 0.6786458333333333 0.24768518518518517 0.6776041666666666 0.25555555555555554 0.6614583333333333 0.25416666666666665 0.6546875 0.24722222222222218 0.6447916666666667 0.24814814814814815 0.6263020833333333 0.24305555555555552 0.6190104166666666 0.24120370370370367 0.61875 0.2361111111111111 0.62265625 0.23379629629629628 0.6286458333333333 0.2324074074074074 0.6427083333333333 0.22037037037037038 0.6888020833333333
1 0.5 0.6299479166666666 0.47592592592592586 0.7572916666666666 0.4773148148148148 0.7611979166666666 0.4851851851851851 0.7627604166666666 0.49027777777777776 0.7622395833333333 0.4921296296296296 0.7598958333333333 0.5055555555555555 0.6958333333333333 0.5078703703703703 0.6763020833333333 0.5134259259259258 0.6614583333333333 0.5138888888888888 0.64140625 0.5194444444444444 0.6315104166666666 0.5171296296296296 0.6244791666666666 0.5180555555555555 0.6067708333333333 0.524074074074074 0.5833333333333333 0.525462962962963 0.5658854166666666 0.5319444444444443 0.5434895833333333 0.5328703703703703 0.5291666666666666 0.5305555555555556 0.5244791666666666 0.5365740740740741 0.5057291666666666 0.537962962962963 0.48125 0.5453703703703703 0.4411458333333333 0.548148148148148 0.40234375 0.5532407407407407 0.38359375 0.5527777777777778 0.3723958333333333 0.55 0.36953125 0.5467592592592593 0.3739583333333333 0.5398148148148147 0.4041666666666666 0.5398148148148147 0.4153645833333333 0.5291666666666666 0.4486979166666666 0.5268518518518518 0.4802083333333333 0.5226851851851851 0.4916666666666666 0.5166666666666666 0.5268229166666666 0.5120370370370371 0.5364583333333333 0.5106481481481481 0.54921875 0.5023148148148148 0.57421875 0.49490740740740735 0.6088541666666666 0.5 0.6219122395833333 0.5 0.6299479166666666
1 0.7171296296296296 0.3622395833333333 0.7152777777777778 0.36875 0.7171296296296296 0.37604166666666666 0.7125 0.396875 0.7083333333333333 0.47421875 0.6972222222222222 0.5294270833333333 0.6967592592592593 0.5494791666666666 0.6921296296296295 0.5640625 0.6898148148148148 0.5856770833333333 0.686574074074074 0.5919270833333333 0.6847222222222221 0.6044270833333333 0.6861111111111111 0.625 0.6837962962962962 0.6296875 0.6847222222222221 0.63828125 0.6824074074074074 0.6611979166666666 0.6787037037037036 0.6794270833333333 0.673611111111111 0.6916666666666667 0.674537037037037 0.7033854166666667 0.6685185185185185 0.73828125 0.6634259259259259 0.7567708333333333 0.6550925925925926 0.7778645833333333 0.6560185185185186 0.7809895833333333 0.6587962962962963 0.7828125 0.6694444444444444 0.78515625 0.6782407407407407 0.7841145833333333 0.6805555555555556 0.7815104166666667 0.6837962962962962 0.76328125 0.6958333333333333 0.7221354166666666 0.6995370370370371 0.7169270833333333 0.6981481481481481 0.7122395833333333 0.7027777777777777 0.6924479166666666 0.7148148148148148 0.5869791666666666 0.7203703703703703 0.5575520833333333 0.7226851851851851 0.52734375 0.725 0.5203125 0.7277777777777777 0.4739583333333333 0.7300925925925925 0.4703125 0.7287037037037036 0.4588541666666666 0.7310185185185185 0.4356770833333333 0.7296296296296296 0.4013020833333333 0.7333333333333333 0.3690104166666667 0.7324074074074074 0.3515625 0.7268518518518519 0.3377604166666667 0.7277777777777777 0.334375 0.7310185185185185 0.3317708333333333 0.7296296296296296 0.32838541666666665 0.7305555555555555 0.32421875 0.7236111111111111 0.32447916666666665 0.7231481481481481 0.3325520833333333 0.7162037037037037 0.35234375 0.7157407407407408 0.36041666666666666 0.7171296296296296 0.3622395833333333
1 0.9046296296296296 0.3421875 0.9162037037037036 0.3984375 0.9180555555555555 0.4223958333333333 0.9226851851851852 0.4427083333333333 0.9259259259259259 0.4703125 0.924537037037037 0.4854166666666666 0.9273148148148147 0.5091145833333333 0.924537037037037 0.5203125 0.924537037037037 0.5302083333333333 0.9268518518518517 0.5375 0.9296296296296296 0.59609375 0.9291666666666666 0.61015625 0.9268518518518517 0.6169270833333333 0.9282407407407407 0.6294270833333333 0.9273148148148147 0.655859375 0.923611111111111 0.6739583333333333 0.9254629629629629 0.6901041666666666 0.9194444444444445 0.7026041666666666 0.9226851851851852 0.7294270833333333 0.9217592592592592 0.74375 0.9152777777777776 0.78984375 0.9074074074074074 0.8208333333333332 0.9074074074074074 0.8278645833333332 0.912037037037037 0.8302083333333332 0.9222222222222222 0.8307291666666666 0.925 0.8299479166666666 0.9277777777777777 0.8247395833333332 0.9333333333333332 0.8002604166666666 0.9347222222222221 0.78046875 0.9398148148148147 0.7598958333333333 0.95 0.590625 0.9453703703703702 0.5338541666666666 0.9453703703703702 0.5165364583333333 0.9472222222222222 0.50859375 0.9439814814814815 0.4984375 0.9453703703703702 0.47734375 0.9425925925925925 0.4526041666666666 0.9226851851851852 0.3630208333333333 0.912037037037037 0.33671875 0.9078703703703702 0.33229166666666665 0.9046296296296296 0.33854166666666663 0.9046296296296296 0.3421875
1 0.9472222222222222 0.4559895833333333 0.9541666666666666 0.48125 0.9495370370370371 0.49479166666666663 0.9564814814814815 0.55390625 0.9527777777777777 0.5671875 0.9532407407407406 0.5731770833333333 0.950925925925926 0.5776041666666666 0.9513888888888887 0.6013020833333333 0.9495370370370371 0.6190104166666666 0.950925925925926 0.63046875 0.9495370370370371 0.63359375 0.9513888888888887 0.6442708333333333 0.9495370370370371 0.65390625 0.950462962962963 0.6580729166666666 0.9481481481481481 0.6611979166666666 0.9462962962962962 0.6713541666666666 0.9453703703703702 0.709375 0.9402777777777777 0.7708333333333333 0.9430555555555555 0.77578125 0.9564814814814815 0.778125 0.9592592592592591 0.7760416666666666 0.9638888888888888 0.7513020833333333 0.9708333333333332 0.6859375 0.975 0.66484375 0.9810185185185185 0.56640625 0.9671296296296296 0.42109375 0.9643518518518517 0.4177083333333333 0.9606481481481481 0.4158854166666666 0.9555555555555555 0.40703125 0.9495370370370371 0.4065104166666666 0.9476851851851851 0.41015625 0.9490740740740741 0.4359375 0.9472222222222222 0.4559895833333333
1 0.7699074074074074 0.7640625 0.7717592592592593 0.7625 0.7768518518518518 0.7231770833333333 0.7851851851851851 0.6955729166666667 0.7879629629629629 0.6721354166666667 0.7925925925925925 0.6578125 0.7916666666666666 0.6536458333333333 0.7949074074074074 0.6372395833333333 0.7953703703703703 0.5833333333333333 0.7976851851851852 0.5752604166666666 0.799074074074074 0.5479166666666666 0.8027777777777777 0.5364583333333333 0.799537037037037 0.4942708333333333 0.8046296296296296 0.4682291666666666 0.8013888888888889 0.4428820312499999 0.8013888888888889 0.4317708333333333 0.8046296296296296 0.425 0.8004629629629629 0.4122395833333333 0.7972222222222222 0.37578125 0.7930555555555555 0.37265625 0.7907407407407406 0.3765625 0.7888888888888889 0.38932291666666663 0.7893518518518519 0.45572916666666663 0.7754629629629629 0.6169270833333333 0.775 0.653125 0.7722222222222221 0.6575520833333333 0.7717592592592593 0.6684895833333333 0.7685185185185185 0.6763020833333333 0.7537037037037037 0.7471354166666666 0.7541666666666667 0.76015625 0.7699074074074074 0.7640625