1 0.7078125 0.1359375 0.7234375 0.1484375 0.728125 0.165625 0.7265625 0.171875 0.71875 0.18125 0.7171875 0.1921875 0.7109375 0.2015625 0.7 0.2046875 0.684375 0.2140625 0.6859375 0.215625 0.684375 0.225 0.6859375 0.2265625 0.696875 0.225 0.7 0.234375 0.696875 0.23125 0.69375 0.234375 0.6890625 0.23125 0.684375 0.2328125 0.6828125 0.2515625 0.6859375 0.2546875 0.6921875 0.253125 0.6921875 0.2546875 0.6859375 0.2609375 0.6796875 0.2546875 0.6765625 0.25625 0.6765625 0.2625 0.6703125 0.271875 0.6703125 0.2765625 0.665625 0.2859375 0.6671875 0.2890625 0.6671875 0.334375 0.665625 0.3359375 0.6671875 0.353125 0.6640625 0.359375 0.6640625 0.390625 0.6625 0.3921875 0.6625 0.4140625 0.6640625 0.415625 0.6609375 0.4234375 0.6625 0.4765625 0.6609375 0.478125 0.6609375 0.5046875 0.6578125 0.534375 0.659375 0.58125 0.6546875 0.625 0.65625 0.6296875 0.6546875 0.63125 0.6546875 0.6546875 0.65 0.678125 0.6421875 0.678125 0.6359375 0.690625 0.621875 0.6890625 0.621875 0.6734375 0.625 0.646875 0.6234375 0.63125 0.625 0.625 0.628125 0.6234375 0.625 0.61875 0.6296875 0.596875 0.628125 0.5921875 0.6296875 0.590625 0.6296875 0.575 0.6359375 0.540625 0.6359375 0.503125 0.6421875 0.478125 0.6421875 0.459375 0.6453125 0.446875 0.6453125 0.415625 0.65 0.390625 0.6484375 0.3046875 0.6515625 0.2796875 0.6484375 0.265625 0.6515625 0.2578125 0.65 0.25625 0.6515625 0.2375 0.6453125 0.2234375 0.64375 0.2125 0.63125 0.2 0.6296875 0.1921875 0.6171875 0.1671875 0.61875 0.1578125 0.6234375 0.1484375 0.6375 0.134375 0.65 0.13125 0.6703125 0.1328125 0.68125 0.1265625 0.6890625 0.1265625 0.6890625 0.1359375 0.6921875 0.1390625 0.6984375 0.1359375 0.70625 0.1359375
1 0.7875 0.18125 0.79375 0.184375 0.80625 0.184375 0.8140625 0.18125 0.821875 0.1828125 0.825 0.1859375 0.825 0.19375 0.8296875 0.209375 0.840625 0.2234375 0.8390625 0.234375 0.834375 0.2375 0.828125 0.25625 0.8109375 0.2734375 0.8078125 0.28125 0.809375 0.30625 0.8140625 0.3171875 0.8125 0.3296875 0.815625 0.3375 0.815625 0.3484375 0.8203125 0.3625 0.821875 0.3765625 0.825 0.38125 0.825 0.4 0.8265625 0.4015625 0.825 0.4296875 0.8296875 0.4734375 0.8296875 0.4921875 0.828125 0.49375 0.8296875 0.496875 0.8296875 0.5375 0.8328125 0.55 0.8328125 0.5953125 0.83125 0.596875 0.8328125 0.6046875 0.8296875 0.609375 0.8296875 0.6140625 0.8328125 0.61875 0.83125 0.640625 0.834375 0.646875 0.83125 0.6546875 0.8375 0.6640625 0.8296875 0.665625 0.825 0.6703125 0.8234375 0.690625 0.8203125 0.6921875 0.809375 0.6921875 0.8109375 0.684375 0.809375 0.6296875 0.8140625 0.60625 0.8140625 0.55625 0.815625 0.5546875 0.8140625 0.5484375 0.815625 0.546875 0.8125 0.521875 0.8125 0.4703125 0.809375 0.4578125 0.809375 0.3765625 0.80625 0.3546875 0.7984375 0.328125 0.79375 0.321875 0.7953125 0.3171875 0.7890625 0.3109375 0.7890625 0.3046875 0.7921875 0.3 0.7921875 0.2890625 0.7859375 0.2828125 0.771875 0.275 0.76875 0.26875 0.7625 0.2640625 0.7609375 0.2609375 0.7625 0.2484375 0.75625 0.2421875 0.7328125 0.2296875 0.7328125 0.221875 0.7421875 0.2046875 0.7515625 0.1984375 0.765625 0.1828125 0.7796875 0.1796875 0.7859375 0.18125
1 0.5859375 0.1546875 0.590625 0.1578125 0.5921875 0.1625 0.590625 0.1796875 0.5859375 0.1875 0.5875 0.2015625 0.5859375 0.2078125 0.571875 0.225 0.5671875 0.234375 0.565625 0.2515625 0.5625 0.25625 0.5625 0.2734375 0.5578125 0.30625 0.559375 0.3203125 0.5515625 0.353125 0.5484375 0.39375 0.5453125 0.4015625 0.54375 0.4640625 0.540625 0.4875 0.5375 0.4921875 0.5375 0.5328125 0.5296875 0.5765625 0.528125 0.615625 0.5234375 0.6265625 0.515625 0.6828125 0.503125 0.6859375 0.5 0.684375 0.4984375 0.6796875 0.5015625 0.6546875 0.50625 0.640625 0.5046875 0.6015625 0.509375 0.5828125 0.5125 0.5390625 0.5171875 0.521875 0.5171875 0.5 0.525 0.45625 0.5265625 0.415625 0.5296875 0.409375 0.5359375 0.3796875 0.5359375 0.3640625 0.540625 0.3421875 0.5421875 0.3171875 0.5453125 0.3109375 0.546875 0.2828125 0.55 0.2671875 0.55 0.2421875 0.5421875 0.228125 0.5359375 0.225 0.534375 0.221875 0.5328125 0.2140625 0.534375 0.2015625 0.53125 0.1953125 0.53125 0.1859375 0.51875 0.18125 0.51875 0.178125 0.521875 0.1765625 0.525 0.16875 0.5359375 0.165625 0.5484375 0.1578125 0.559375 0.15625 0.5671875 0.1515625 0.578125 0.1515625 0.584375 0.1546875
1 0.340625 0.1921875 0.3515625 0.2 0.3578125 0.2125 0.3578125 0.21875 0.3484375 0.2265625 0.346875 0.23125 0.3484375 0.2375 0.3421875 0.2453125 0.340625 0.2609375 0.325 0.2765625 0.3140625 0.28125 0.30625 0.2953125 0.30625 0.3046875 0.303125 0.309375 0.303125 0.3171875 0.2984375 0.325 0.2984375 0.3359375 0.2921875 0.3484375 0.2921875 0.35625 0.2734375 0.4015625 0.2703125 0.41875 0.2578125 0.4484375 0.2484375 0.48125 0.2421875 0.4921875 0.2328125 0.525 0.2265625 0.5359375 0.2265625 0.553125 0.221875 0.5703125 0.2171875 0.578125 0.2171875 0.5859375 0.209375 0.5953125 0.2078125 0.615625 0.203125 0.63125 0.19375 0.640625 0.190625 0.653125 0.1828125 0.653125 0.178125 0.65 0.18125 0.640625 0.18125 0.6296875 0.1875 0.596875 0.1921875 0.590625 0.20625 0.55625 0.215625 0.5046875 0.2296875 0.478125 0.234375 0.4734375 0.2421875 0.4515625 0.2421875 0.4421875 0.2453125 0.43125 0.2578125 0.4109375 0.2703125 0.378125 0.271875 0.371875 0.2703125 0.365625 0.275 0.35625 0.2765625 0.3453125 0.284375 0.33125 0.290625 0.3078125 0.290625 0.3 0.2828125 0.2890625 0.284375 0.2859375 0.2796875 0.2796875 0.284375 0.271875 0.2828125 0.26875 0.284375 0.265625 0.2828125 0.2640625 0.2796875 0.265625 0.278125 0.259375 0.271875 0.253125 0.271875 0.24375 0.2625 0.234375 0.26875 0.2265625 0.2765625 0.2234375 0.278125 0.2203125 0.2953125 0.2171875 0.3 0.2140625 0.321875 0.1921875 0.3265625 0.190625 0.3390625 0.1921875
1 0.3171875 0.121875 0.321875 0.1296875 0.3140625 0.140625 0.31875 0.15 0.3140625 0.15625 0.3015625 0.165625 0.3015625 0.16875 0.3171875 0.18125 0.315625 0.1875 0.309375 0.190625 0.2953125 0.20625 0.2609375 0.2265625 0.2578125 0.2375 0.2609375 0.24375 0.259375 0.253125 0.2453125 0.2609375 0.2375 0.259375 0.2328125 0.2640625 0.2328125 0.271875 0.2265625 0.2765625 0.2234375 0.2875 0.2203125 0.2890625 0.21875 0.3078125 0.2015625 0.3390625 0.1875 0.384375 0.1859375 0.3953125 0.1796875 0.4078125 0.175 0.4296875 0.175 0.440625 0.1703125 0.4515625 0.171875 0.45625 0.153125 0.5140625 0.1546875 0.521875 0.153125 0.5375 0.1484375 0.5453125 0.1484375 0.5515625 0.1453125 0.55625 0.1453125 0.5625 0.140625 0.571875 0.1359375 0.5921875 0.128125 0.609375 0.128125 0.61875 0.121875 0.6328125 0.1203125 0.6484375 0.115625 0.6515625 0.1046875 0.65 0.1046875 0.6375 0.1078125 0.6296875 0.1046875 0.621875 0.1046875 0.6125 0.1078125 0.60625 0.1078125 0.5953125 0.1125 0.584375 0.1125 0.5765625 0.115625 0.571875 0.1171875 0.5609375 0.121875 0.55625 0.125 0.540625 0.1296875 0.53125 0.134375 0.5 0.15 0.4546875 0.1515625 0.44375 0.159375 0.4296875 0.159375 0.421875 0.1671875 0.4046875 0.171875 0.3671875 0.184375 0.34375 0.184375 0.3296875 0.175 0.321875 0.175 0.315625 0.165625 0.2921875 0.1109375 0.2953125 0.109375 0.296875 0.1140625 0.3 0.115625 0.3046875 0.109375 0.309375 0.10625 0.309375 0.1015625 0.303125 0.096875 0.303125 0.0921875 0.3109375 0.0828125 0.309375 0.08125 0.3109375 0.075 0.309375 0.05625 0.3109375 0.053125 0.3078125 0.0578125 0.3046875 0.0734375 0.3046875 0.075 0.3078125 0.08125 0.309375 0.090625 0.3015625 0.0953125 0.303125 0.103125 0.29375 0.1 0.2859375 0.0953125 0.2828125 0.0921875 0.2765625 0.08125 0.26875 0.078125 0.259375 0.0734375 0.2546875 0.05 0.2453125 0.05 0.240625 0.0578125 0.2375 0.0859375 0.234375 0.090625 0.23125 0.0921875 0.2265625 0.090625 0.221875 0.06875 0.20625 0.06875 0.203125 0.075 0.196875 0.075 0.190625 0.0671875 0.1859375 0.0640625 0.16875 0.0828125 0.153125 0.0921875 0.1484375 0.0984375 0.1484375 0.1078125 0.15625 0.1203125 0.15625 0.1375 0.14375 0.15 0.1515625 0.1578125 0.159375 0.1640625 0.1609375 0.16875 0.15625 0.16875 0.15 0.171875 0.14375 0.178125 0.1375 0.196875 0.14375 0.215625 0.14375 0.228125 0.1484375 0.2328125 0.14375 0.234375 0.134375 0.2453125 0.1265625 0.26875 0.125 0.2765625 0.1296875 0.2828125 0.1296875 0.296875 0.128125 0.3078125 0.121875 0.315625 0.121875
1 0.925 0 0.99375 0 0.9984375 0.00625 0.9984375 0.0453125 0.9953125 0.05625 0.9953125 0.06875 0.9984375 0.0734375 0.9984375 0.1 0.9953125 0.10625 0.9890625 0.103125 0.984375 0.096875 0.98125 0.1015625 0.975 0.09375 0.975 0.0890625 0.96875 0.084375 0.9625 0.06875 0.959375 0.0671875 0.953125 0.071875 0.9453125 0.0546875 0.9421875 0.053125 0.94375 0.05 0.9359375 0.0421875 0.9296875 0.040625 0.925 0.0359375 0.921875 0.0296875 0.921875 0.0203125 0.91875 0.015625 0.91875 0.0078125 0.925 0.0015625
1 0.5421875 0 0.571875 0 0.5734375 0.003125 0.5765625 0.003125 0.578125 0 0.5796875 0.003125 0.5828125 0.003125 0.584375 0 0.65 0 0.6515625 0.003125 0.6625 0.003125 0.665625 0.0109375 0.665625 0.025 0.671875 0.0359375 0.671875 0.05 0.66875 0.0546875 0.6609375 0.0625 0.653125 0.0640625 0.6484375 0.0703125 0.6578125 0.08125 0.659375 0.0859375 0.6578125 0.0921875 0.6375 0.096875 0.6328125 0.1015625 0.6328125 0.1125 0.6265625 0.1171875 0.6234375 0.115625 0.6203125 0.11875 0.615625 0.11875 0.6109375 0.1296875 0.6109375 0.2 0.5984375 0.328125 0.596875 0.3859375 0.590625 0.421875 0.590625 0.4515625 0.5859375 0.471875 0.5859375 0.4875 0.5828125 0.496875 0.5828125 0.5203125 0.5796875 0.5296875 0.578125 0.553125 0.565625 0.5921875 0.5609375 0.63125 0.5515625 0.6578125 0.5484375 0.6984375 0.5453125 0.7125 0.515625 0.709375 0.5125 0.7078125 0.5125 0.7015625 0.5171875 0.690625 0.51875 0.678125 0.521875 0.6734375 0.525 0.640625 0.5359375 0.5953125 0.5421875 0.578125 0.5421875 0.56875 0.546875 0.5546875 0.546875 0.5375 0.55 0.5296875 0.55 0.51875 0.553125 0.5109375 0.5546875 0.496875 0.559375 0.4859375 0.5625 0.45625 0.5671875 0.4390625 0.5796875 0.315625 0.584375 0.2890625 0.5875 0.2328125 0.5921875 0.21875 0.5921875 0.1921875 0.596875 0.1796875 0.5953125 0.15 0.590625 0.1421875 0.5765625 0.1375 0.565625 0.1375 0.5546875 0.140625 0.540625 0.134375 0.5015625 0.1328125 0.496875 0.1296875 0.4734375 0.1234375 0.4609375 0.121875 0.4359375 0.1234375 0.434375 0.1203125 0.440625 0.1171875 0.4484375 0.1078125 0.4328125 0.0921875 0.4109375 0.084375 0.41875 0.08125 0.421875 0.075 0.41875 0.0703125 0.409375 0.0671875 0.409375 0.0640625 0.4234375 0.059375 0.4296875 0.0515625 0.4296875 0.040625 0.425 0.0296875 0.425 0.025 0.4296875 0.021875 0.45 0.0171875 0.45625 0.0125 0.4640625 0.0125 0.4734375 0.01875 0.48125 0.01875 0.4890625 0.021875 0.50625 0.01875 0.509375 0.021875 0.51875 0.0234375 0.5203125 0.01875 0.515625 0.0109375 0.5203125 0.0046875 0.5421875 0.0015625
1 0.759375 0 0.7828125 0 0.784375 0.003125 0.7890625 0.0046875 0.803125 0.003125 0.815625 0.0046875 0.825 0.0109375 0.8296875 0.0296875 0.8359375 0.0328125 0.8390625 0.0375 0.8421875 0.0359375 0.8515625 0.040625 0.85 0.04375 0.84375 0.046875 0.8453125 0.05 0.8484375 0.0484375 0.8578125 0.053125 0.865625 0.05 0.8625 0.05625 0.8640625 0.065625 0.8703125 0.0671875 0.871875 0.078125 0.8734375 0.0796875 0.8765625 0.078125 0.878125 0.084375 0.8828125 0.0875 0.8828125 0.0921875 0.8703125 0.1 0.8671875 0.0921875 0.8625 0.0890625 0.8609375 0.0765625 0.859375 0.075 0.85625 0.0765625 0.853125 0.06875 0.8484375 0.0734375 0.8421875 0.0734375 0.840625 0.0796875 0.84375 0.0875 0.8515625 0.0953125 0.859375 0.115625 0.8703125 0.1296875 0.8734375 0.1421875 0.88125 0.1515625 0.8828125 0.159375 0.8953125 0.171875 0.8984375 0.1828125 0.9078125 0.1953125 0.9140625 0.2140625 0.925 0.23125 0.925 0.2359375 0.9328125 0.246875 0.940625 0.271875 0.9453125 0.2765625 0.946875 0.284375 0.953125 0.2953125 0.953125 0.3015625 0.9640625 0.31875 0.9671875 0.3359375 0.9703125 0.3421875 0.975 0.3453125 0.9765625 0.353125 0.98125 0.3578125 0.98125 0.3640625 0.984375 0.36875 0.984375 0.3796875 0.9875 0.3828125 0.990625 0.396875 0.9953125 0.403125 0.9953125 0.4265625 0.99375 0.428125 0.9953125 0.4359375 0.9921875 0.4421875 0.9875 0.4421875 0.9859375 0.4390625 0.98125 0.4375 0.9765625 0.4125 0.9703125 0.4 0.9671875 0.384375 0.959375 0.36875 0.95625 0.3546875 0.95 0.3453125 0.95 0.340625 0.934375 0.3015625 0.9328125 0.2921875 0.921875 0.2703125 0.921875 0.2625 0.91875 0.2578125 0.9140625 0.2390625 0.9 0.2140625 0.896875 0.203125 0.8875 0.1921875 0.884375 0.19375 0.8859375 0.203125 0.9015625 0.2421875 0.9171875 0.29375 0.928125 0.31875 0.9328125 0.3421875 0.9359375 0.346875 0.9359375 0.3546875 0.9390625 0.359375 0.940625 0.3765625 0.9484375 0.4015625 0.9484375 0.4171875 0.9515625 0.421875 0.9515625 0.4375 0.95 0.4390625 0.953125 0.4578125 0.9546875 0.503125 0.9578125 0.5125 0.9609375 0.540625 0.9609375 0.5828125 0.9625 0.584375 0.9609375 0.5890625 0.9609375 0.60625 0.9625 0.6078125 0.9609375 0.6140625 0.9609375 0.6765625 0.9625 0.678125 0.9609375 0.753125 0.9578125 0.7546875 0.940625 0.75 0.9265625 0.7515625 0.91875 0.7546875 0.9140625 0.753125 0.9140625 0.7421875 0.921875 0.7171875 0.921875 0.6984375 0.925 0.6875 0.925 0.6546875 0.921875 0.6484375 0.921875 0.6265625 0.925 0.6203125 0.9265625 0.5859375 0.9234375 0.5796875 0.925 0.5578125 0.921875 0.553125 0.9234375 0.5421875 0.9203125 0.521875 0.91875 0.4546875 0.9171875 0.4390625 0.9140625 0.4328125 0.9140625 0.4078125 0.9109375 0.396875 0.9125 0.39375 0.9078125 0.3875 0.909375 0.3765625 0.90625 0.3578125 0.9 0.340625 0.9 0.3203125 0.878125 0.2453125 0.871875 0.234375 0.871875 0.228125 0.8609375 0.209375 0.85 0.1671875 0.8390625 0.1515625 0.8390625 0.1484375 0.834375 0.146875 0.828125 0.153125 0.8265625 0.1578125 0.8171875 0.159375 0.8140625 0.1625 0.7921875 0.1609375 0.784375 0.1578125 0.7796875 0.153125 0.7765625 0.153125 0.7734375 0.1578125 0.76875 0.1578125 0.759375 0.15 0.7609375 0.140625 0.75 0.1296875 0.7484375 0.1234375 0.74375 0.1296875 0.7375 0.1296875 0.73125 0.1234375 0.7328125 0.1125 0.7265625 0.10625 0.7265625 0.096875 0.7171875 0.0921875 0.7140625 0.0875 0.7171875 0.0671875 0.7140625 0.0625 0.709375 0.0640625 0.7015625 0.0578125 0.7046875 0.05 0.709375 0.046875 0.7140625 0.05 0.7171875 0.046875 0.7171875 0.0390625 0.7125 0.03125 0.7140625 0.0265625 0.703125 0.0234375 0.70625 0.009375 0.709375 0.00625 0.725 0.0078125 0.73125 0.0046875 0.7375 0.0078125 0.746875 0.003125 0.759375 0.0015625
1 0.5359375 0.1703125 0.534375 0.175 0.5375 0.178125 0.5375 0.1828125 0.540625 0.1859375 0.54375 0.184375 0.54375 0.1890625 0.540625 0.1859375 0.5375 0.1890625 0.5390625 0.19375 0.5359375 0.1984375 0.5359375 0.2078125 0.5328125 0.209375 0.5296875 0.2171875 0.5359375 0.23125 0.540625 0.234375 0.5390625 0.2375 0.540625 0.2546875 0.5390625 0.259375 0.5328125 0.265625 0.5328125 0.26875 0.528125 0.2703125 0.5234375 0.2796875 0.5171875 0.325 0.509375 0.35 0.5046875 0.3765625 0.5015625 0.3640625 0.50625 0.359375 0.503125 0.3546875 0.5046875 0.34375 0.5015625 0.3390625 0.4953125 0.3421875 0.49375 0.3484375 0.4953125 0.3515625 0.4859375 0.3671875 0.4828125 0.3890625 0.4765625 0.4078125 0.475 0.41875 0.4765625 0.428125 0.4734375 0.4328125 0.4734375 0.440625 0.475 0.45625 0.478125 0.459375 0.48125 0.453125 0.4796875 0.4421875 0.484375 0.440625 0.490625 0.43125 0.490625 0.446875 0.4875 0.4515625 0.4875 0.4609375 0.4875 0.45625 0.484375 0.453125 0.4828125 0.459375 0.475 0.4625 0.4703125 0.46875 0.4671875 0.475 0.465625 0.49375 0.4625 0.5 0.4625 0.5171875 0.4671875 0.51875 0.4625 0.521875 0.459375 0.5359375 0.4609375 0.546875 0.4578125 0.56875 0.4671875 0.5703125 0.4671875 0.5734375 0.465625 0.575 0.459375 0.5734375 0.45625 0.5765625 0.4609375 0.58125 0.4625 0.5875 0.4625 0.603125 0.4578125 0.60625 0.4609375 0.6078125 0.4625 0.615625 0.459375 0.621875 0.4609375 0.6265625 0.45625 0.634375 0.45625 0.640625 0.453125 0.646875 0.4421875 0.6453125 0.4328125 0.6515625 0.4296875 0.675 0.41875 0.6734375 0.421875 0.6609375 0.421875 0.6484375 0.425 0.640625 0.425 0.615625 0.43125 0.5984375 0.4359375 0.5640625 0.4421875 0.540625 0.4421875 0.528125 0.446875 0.5140625 0.453125 0.4625 0.4734375 0.3765625 0.471875 0.365625 0.475 0.3609375 0.475 0.3515625 0.4796875 0.34375 0.4796875 0.3359375 0.484375 0.328125 0.484375 0.315625 0.48125 0.3125 0.4734375 0.3125 0.459375 0.2953125 0.459375 0.290625 0.4640625 0.2859375 0.465625 0.2796875 0.4609375 0.26875 0.471875 0.25625 0.4703125 0.2265625 0.475 0.2140625 0.484375 0.2 0.4859375 0.1921875 0.5015625 0.178125 0.521875 0.16875 0.534375 0.1703125
1 0.46875 0.184375 0.478125 0.1921875 0.4796875 0.1984375 0.46875 0.2171875 0.4671875 0.234375 0.4625 0.246875 0.453125 0.2578125 0.453125 0.2671875 0.45 0.271875 0.45 0.2765625 0.4375 0.296875 0.4375 0.30625 0.434375 0.309375 0.43125 0.3296875 0.425 0.3421875 0.4234375 0.3546875 0.415625 0.3671875 0.409375 0.3875 0.409375 0.3984375 0.403125 0.4125 0.4015625 0.4296875 0.3953125 0.446875 0.3953125 0.45625 0.390625 0.4703125 0.390625 0.4859375 0.3828125 0.5140625 0.378125 0.546875 0.371875 0.5640625 0.371875 0.578125 0.365625 0.6015625 0.365625 0.609375 0.3625 0.615625 0.3625 0.634375 0.3546875 0.653125 0.353125 0.6671875 0.3375 0.665625 0.3375 0.65 0.3390625 0.6484375 0.3375 0.6234375 0.340625 0.6203125 0.3390625 0.609375 0.34375 0.6 0.340625 0.5890625 0.3421875 0.5703125 0.346875 0.5640625 0.3453125 0.5609375 0.35 0.559375 0.35 0.553125 0.3578125 0.5375 0.3609375 0.5125 0.3703125 0.4890625 0.371875 0.4625 0.3828125 0.4359375 0.3890625 0.4015625 0.3921875 0.3984375 0.3921875 0.3921875 0.4 0.3765625 0.4 0.3703125 0.409375 0.34375 0.4078125 0.3171875 0.4140625 0.3109375 0.4140625 0.3015625 0.4203125 0.290625 0.425 0.275 0.425 0.259375 0.4265625 0.2578125 0.425 0.2453125 0.4171875 0.2375 0.4078125 0.2234375 0.4078125 0.21875 0.3984375 0.20625 0.4 0.2015625 0.409375 0.1921875 0.4125 0.1921875 0.4171875 0.1859375 0.45 0.1875 0.4671875 0.184375
1 0 0.021875 0.0328125 0.028125 0.059375 0.025 0.065625 0.03125 0.065625 0.034375 0.05625 0.040625 0.0515625 0.0453125 0.0515625 0.0484375 0.0625 0.0546875 0.0625 0.059375 0.071875 0.071875 0.05625 0.0765625 0.053125 0.08125 0.0734375 0.0875 0.065625 0.0953125 0.0515625 0.1 0.04375 0.109375 0.05 0.115625 0.065625 0.1203125 0.065625 0.1234375 0.0578125 0.1296875 0.05625 0.1390625 0.05 0.15 0.040625 0.15625 0.034375 0.1640625 0.0234375 0.1625 0.0140625 0.16875 0.00625 0.178125 0 0.178125 0 0.0234375
1 0.8359375 0 0.8828125 0 0.8953125 0.0109375 0.9 0.0109375 0.9046875 0.0046875 0.9140625 0.0046875 0.915625 0.0125 0.9125 0.021875 0.915625 0.034375 0.9328125 0.0515625 0.940625 0.0640625 0.953125 0.0734375 0.9609375 0.0859375 0.9984375 0.1296875 0.9984375 0.23125 0.9796875 0.2015625 0.96875 0.1796875 0.93125 0.128125 0.9203125 0.1078125 0.8875 0.0671875 0.8859375 0.0609375 0.8796875 0.053125 0.8421875 0.015625 0.8359375 0.0015625
1 0.7078125 0.1359375 0.7234375 0.1484375 0.728125 0.165625 0.7265625 0.171875 0.71875 0.18125 0.7171875 0.1921875 0.7109375 0.2015625 0.7 0.2046875 0.684375 0.2140625 0.6859375 0.215625 0.684375 0.225 0.6859375 0.2265625 0.696875 0.225 0.7 0.234375 0.696875 0.23125 0.69375 0.234375 0.6890625 0.23125 0.684375 0.2328125 0.6828125 0.2515625 0.6859375 0.2546875 0.6921875 0.253125 0.6921875 0.2546875 0.6859375 0.2609375 0.6796875 0.2546875 0.6765625 0.25625 0.6765625 0.2625 0.6703125 0.271875 0.6703125 0.2765625 0.665625 0.2859375 0.6671875 0.2890625 0.6671875 0.334375 0.665625 0.3359375 0.6671875 0.353125 0.6640625 0.359375 0.6640625 0.390625 0.6625 0.3921875 0.6625 0.4140625 0.6640625 0.415625 0.6609375 0.4234375 0.6625 0.4765625 0.6609375 0.478125 0.6609375 0.5046875 0.6578125 0.534375 0.659375 0.58125 0.6546875 0.625 0.65625 0.6296875 0.6546875 0.63125 0.6546875 0.6546875 0.65 0.678125 0.6421875 0.678125 0.6359375 0.690625 0.621875 0.6890625 0.621875 0.6734375 0.625 0.646875 0.6234375 0.63125 0.625 0.625 0.628125 0.6234375 0.625 0.61875 0.6296875 0.596875 0.628125 0.5921875 0.6296875 0.590625 0.6296875 0.575 0.6359375 0.540625 0.6359375 0.503125 0.6421875 0.478125 0.6421875 0.459375 0.6453125 0.446875 0.6453125 0.415625 0.65 0.390625 0.6484375 0.3046875 0.6515625 0.2796875 0.6484375 0.265625 0.6515625 0.2578125 0.65 0.25625 0.6515625 0.2375 0.6453125 0.2234375 0.64375 0.2125 0.63125 0.2 0.6296875 0.1921875 0.6171875 0.1671875 0.61875 0.1578125 0.6234375 0.1484375 0.6375 0.134375 0.65 0.13125 0.6703125 0.1328125 0.68125 0.1265625 0.6890625 0.1265625 0.6890625 0.1359375 0.6921875 0.1390625 0.6984375 0.1359375 0.70625 0.1359375
1 0.862037037037037 0.31666666666666665 0.8777777777777777 0.396875 0.8787037037037037 0.40494791666666663 0.8768518518518518 0.4083333333333333 0.8810185185185185 0.4135416666666666 0.8837962962962962 0.4294270833333333 0.8898148148148147 0.484375 0.8902777777777777 0.5067708333333333 0.8958333333333333 0.5403645833333333 0.8976851851851851 0.5432291666666667 0.8976851851851851 0.55390625 0.899537037037037 0.5591145833333333 0.9041666666666666 0.5635416666666666 0.9078703703703702 0.5596354166666666 0.9074074074074074 0.5416666666666666 0.900462962962963 0.5018229166666666 0.8949074074074075 0.4450520833333333 0.888425925925926 0.4213541666666666 0.874537037037037 0.3489583333333333 0.8625 0.3005208333333333 0.861111111111111 0.30546875 0.862037037037037 0.31666666666666665
1 0.849537037037037 0.39791666666666664 0.8587962962962962 0.4708333333333333 0.8643518518518517 0.5184895833333333 0.8643518518518517 0.5609375 0.8685185185185185 0.6028645833333333 0.8717592592592591 0.6072916666666666 0.874074074074074 0.6075520833333333 0.875925925925926 0.6067708333333333 0.8773148148148147 0.60234375 0.8796296296296295 0.55 0.875462962962963 0.54375 0.874074074074074 0.5223958333333333 0.8625 0.43203125 0.8592592592592592 0.4177083333333333 0.8587962962962962 0.4044270833333333 0.850925925925926 0.36276041666666664 0.836111111111111 0.3078125 0.8337962962962961 0.30625 0.8342592592592591 0.32265625 0.849537037037037 0.39791666666666664
1 0.6648148148148147 0.6838541666666667 0.6675925925925925 0.68203125 0.6666666666666666 0.6682291666666667 0.6680555555555555 0.6671875 0.675 0.6666666666666666 0.6754629629629629 0.665625 0.675 0.6411458333333333 0.673148148148148 0.6411458333333333 0.6675925925925925 0.6497395833333333 0.6643518518518519 0.6596354166666666 0.6625 0.68203125 0.6648148148148147 0.6838541666666667
1 0.6680555555555555 0.6372395833333333 0.6717592592592593 0.640625 0.675 0.63984375 0.6763888888888888 0.6372395833333333 0.6782407407407407 0.6203125 0.6787037037037036 0.5828125 0.6833333333333333 0.5260416666666666 0.6847222222222221 0.4375 0.6930555555555555 0.2864583333333333 0.6907407407407408 0.275 0.6930555555555555 0.2520833333333333 0.6921296296296295 0.24322916666666666 0.6888888888888889 0.24791666666666665 0.6847222222222221 0.2794270833333333 0.6837962962962962 0.33151041666666664 0.6763888888888888 0.4075520833333333 0.6680555555555555 0.6020833333333333 0.6680555555555555 0.6372395833333333
1 0.9587962962962961 0.44010416666666663 0.9578703703703703 0.44609375 0.9606481481481481 0.4604166666666666 0.9606481481481481 0.4721354166666666 0.9699074074074074 0.5299479166666666 0.9712962962962962 0.6059895833333333 0.9731481481481481 0.6122395833333333 0.9717592592592592 0.62734375 0.9726851851851851 0.6471354166666666 0.9782407407407406 0.65703125 0.9773148148148147 0.6611979166666666 0.9810185185185185 0.665625 0.9810185185185185 0.6682291666666667 0.9898148148148147 0.66875 0.9925925925925926 0.6716145833333333 0.9925925925925926 0.68203125 0.9944444444444445 0.68359375 0.999537037037037 0.68359375 0.999537037037037 0.59765625 0.9972222222222221 0.5971354166666666 0.9939814814814815 0.59140625 0.9912037037037036 0.5283854166666666 0.9833333333333332 0.5197916666666667 0.9833333333333332 0.5119791666666667 0.9763888888888888 0.5 0.974537037037037 0.4763020833333333 0.9726851851851851 0.4734375 0.974537037037037 0.4703125 0.9712962962962962 0.4666666666666666 0.9740740740740741 0.4630208333333333 0.9662037037037037 0.4526041666666666 0.9708333333333332 0.44609375 0.961111111111111 0.4213541666666666 0.9550925925925926 0.4145833333333333 0.9532407407407406 0.4065104166666666 0.9495370370370371 0.403125 0.9527777777777777 0.4291666666666666 0.9587962962962961 0.44010416666666663
1 0.2361111111111111 0.6359375 0.2324074074074074 0.6434895833333333 0.23379629629629628 0.6473958333333333 0.2361111111111111 0.6479166666666666 0.24120370370370367 0.6463541666666666 0.2439814814814815 0.6377604166666666 0.2439814814814815 0.6278645833333333 0.24768518518518517 0.6236979166666666 0.24861111111111112 0.6182291666666666 0.25324074074074077 0.6104166666666666 0.25509259259259254 0.609375 0.2569444444444444 0.5890625 0.2685185185185185 0.53984375 0.2699074074074074 0.51640625 0.27824074074074073 0.471875 0.28888888888888886 0.4427083333333333 0.2912037037037037 0.42890625 0.2949074074074074 0.421875 0.2967592592592593 0.4109375 0.3060185185185185 0.38203125 0.3138888888888889 0.36640625 0.31296296296296294 0.36328125 0.31481481481481477 0.3583333333333333 0.3134259259259259 0.3559895833333333 0.3222222222222222 0.33828125 0.324537037037037 0.3265625 0.3208333333333333 0.3294270833333333 0.31574074074074077 0.3372395833333333 0.3134259259259259 0.33828125 0.31481481481481477 0.34088541666666666 0.30787037037037035 0.35234375 0.3083333333333333 0.3559895833333333 0.31111111111111106 0.359375 0.30416666666666664 0.3692708333333333 0.3050925925925926 0.37265625 0.3023148148148148 0.3763020833333333 0.29398148148148145 0.40390625 0.29074074074074074 0.4111979166666666 0.2861111111111111 0.41328125 0.28564814814814815 0.41666666666666663 0.2828703703703704 0.4177083333333333 0.2824074074074074 0.425 0.2722222222222222 0.4536458333333333 0.26805555555555555 0.4778645833333333 0.23888888888888887 0.5986979166666666 0.2361111111111111 0.6184895833333333 0.2361111111111111 0.6359375
1 0.25462962962962965 0.5651041666666666 0.2597222222222222 0.5479166666666666 0.26435185185185184 0.5450520833333333 0.2685185185185185 0.5395833333333333 0.2699074074074074 0.50546875 0.27314814814814814 0.4981770833333333 0.28009259259259256 0.46484375 0.2861111111111111 0.45 0.29768518518518516 0.4080729166666666 0.30416666666666664 0.390625 0.3050925925925926 0.38229166666666664 0.31111111111111106 0.37109375 0.31759259259259254 0.3489583333333333 0.31712962962962965 0.3453125 0.3208333333333333 0.33854166666666663 0.31805555555555554 0.3348958333333333 0.3125 0.33828125 0.31481481481481477 0.3411458333333333 0.30277777777777776 0.34791666666666665 0.30462962962962964 0.353125 0.3023148148148148 0.35625 0.3050925925925926 0.35859375 0.30277777777777776 0.36432291666666666 0.2949074074074074 0.36640625 0.29259259259259257 0.365625 0.28888888888888886 0.3690104166666667 0.29027777777777775 0.3747395833333333 0.25416666666666665 0.5083333333333333 0.26296296296296295 0.5182291666666666 0.26296296296296295 0.5236979166666667 0.2583333333333333 0.5247395833333333 0.25462962962962965 0.5276041666666667 0.25555555555555554 0.5333333333333333 0.25231481481481477 0.5359375 0.2509259259259259 0.56171875 0.25462962962962965 0.5651041666666666
1 0.40740740740740733 0.6442708333333333 0.4 0.6533854166666666 0.40046296296296297 0.6549479166666666 0.4041666666666666 0.6559895833333333 0.4078703703703703 0.6544270833333333 0.4078703703703703 0.6317708333333333 0.40925925925925927 0.628125 0.4078703703703703 0.6169270833333333 0.40509259259259256 0.61953125 0.40509259259259256 0.6252604166666667 0.40092592592592585 0.6263020833333333 0.40370370370370373 0.6291666666666667 0.40046296296296297 0.6333333333333333 0.4064814814814815 0.63671875 0.40740740740740733 0.6442708333333333
1 0.4180555555555555 0.5674479166666666 0.41388888888888886 0.5705729166666667 0.41759259259259257 0.5747395833333333 0.41388888888888886 0.5763020833333333 0.41203703703703703 0.5807291666666666 0.4143518518518518 0.5864583333333333 0.4189814814814815 0.5783854166666667 0.4189814814814815 0.5721354166666666 0.42037037037037034 0.57109375 0.4185185185185185 0.5671875 0.4231481481481481 0.55390625 0.42453703703703705 0.5346354166666666 0.42824074074074076 0.5223958333333333 0.4291666666666666 0.5044270833333333 0.43287037037037035 0.4924479166666666 0.43425925925925923 0.4783854166666666 0.44768518518518513 0.4359375 0.45509259259259255 0.40104166666666663 0.4578703703703703 0.384375 0.4564814814814815 0.37890625 0.45046296296296295 0.39375 0.437037037037037 0.45234375 0.42824074074074076 0.4794270833333333 0.4291666666666666 0.4846354166666666 0.4217592592592593 0.5018229166666666 0.4231481481481481 0.509375 0.4189814814814815 0.515625 0.4148148148148148 0.5635416666666666 0.4180555555555555 0.5674479166666666
1 0.00787037037037037 0.4838541666666666 0.009259259259259259 0.4885416666666666 0.0032407407407407406 0.4973958333333333 0.0027777777777777775 0.503125 0 0.50546875 0 0.5208333333333333 0.0013888888888888887 0.5208333333333333 0.0060185185185185185 0.5135416666666666 0.01898148148148148 0.484375 0.02222222222222222 0.47109375 0.020833333333333332 0.46640625 0.023148148148148147 0.46354166666666663 0.02222222222222222 0.4611979166666666 0.01898148148148148 0.4598958333333333 0.01574074074074074 0.4640625 0.011574074074074073 0.4661458333333333 0.010185185185185184 0.4700520833333333 0.01111111111111111 0.4755208333333333 0.00787037037037037 0.4838541666666666