1 0.08098958333333332 0.4217592592592593 0.08333333333333333 0.425462962962963 0.0890625 0.4263888888888888 0.09010416666666667 0.42361111111111105 0.0890625 0.39675925925925926 0.08984375 0.3824074074074074 0.0890625 0.3458333333333333 0.08958333333333332 0.3277777777777778 0.09140625 0.31759259259259254 0.09088541666666666 0.29814814814814816 0.09296875 0.2652777777777778 0.0921875 0.2611111111111111 0.09296875 0.2192458333333333 0.09739583333333332 0.12453703703703703 0.1015625 0.07453703703703704 0.10182291666666665 0.046296296296296294 0.10442708333333332 0.023148148148148147 0.10546875 0 0.10052083333333332 0 0.09713541666666667 0.02037037037037037 0.0921875 0.09583333333333333 0.09036458333333333 0.10555555555555556 0.09036458333333333 0.1199074074074074 0.08645833333333333 0.175 0.08619791666666667 0.19675925925925924 0.08463541666666666 0.20694444444444443 0.08203125 0.28564814814814815 0.08229166666666667 0.3393518518518518 0.08151041666666667 0.34074074074074073 0.08098958333333332 0.35509259259259257 0.08177083333333332 0.37407407407407406 0.08098958333333332 0.4217592592592593
1 0.0296875 0.30925925925925923 0.028645833333333332 0.31481481481481477 0.03203125 0.32546296296296295 0.03177083333333333 0.33148148148148143 0.0328125 0.33564814814814814 0.03671875 0.3037037037037037 0.03411458333333333 0.3 0.03645833333333333 0.2967592592592593 0.03411458333333333 0.29259259259259257 0.03619791666666666 0.2898148148148148 0.02890625 0.2828703703703704 0.028125 0.28703703703703703 0.0296875 0.30925925925925923
1 0.03229166666666666 0.23703703703703702 0.03125 0.24675925925925926 0.03177083333333333 0.2509259259259259 0.03125 0.25555555555555554 0.029166666666666664 0.2587962962962963 0.03333333333333333 0.2671296296296296 0.03229166666666666 0.27268518518518514 0.03046875 0.2754629629629629 0.03307291666666666 0.28009259259259256 0.037760416666666664 0.2763888888888889 0.03697916666666666 0.27314814814814814 0.03828125 0.262037037037037 0.037760416666666664 0.24351851851851852 0.04088541666666666 0.2310185185185185 0.03958333333333333 0.22546296296296292 0.04427083333333333 0.1787037037037037 0.04609375 0.14305555555555555 0.05026041666666666 0.1125 0.0515625 0.09212962962962963 0.05052083333333333 0.07731481481481481 0.05442708333333333 0.06527777777777778 0.05572916666666666 0.0537037037037037 0.05546875 0.05 0.05260416666666666 0.046296296296296294 0.05234375 0.04027777777777777 0.05364583333333332 0.0375 0.05364583333333332 0.031018518518518518 0.05703125 0.028703703703703703 0.058854166666666666 0.024537037037037034 0.059375 0.01898148148148148 0.06197916666666666 0.01111111111111111 0.06328125 0 0.05833333333333333 0 0.05833333333333333 0.0023148148148148147 0.04791666666666666 0.03194444444444444 0.037760416666666664 0.12962962962962962 0.03802083333333333 0.13796296296296295 0.03359375 0.20046296296296293 0.03125 0.21574074074074073 0.03072916666666666 0.2273148148148148 0.03229166666666666 0.23703703703703702
1 0.0703125 0.262037037037037 0.06927083333333332 0.2759259259259259 0.07135416666666666 0.2787037037037037 0.06979166666666667 0.2930555555555555 0.06692708333333333 0.3 0.06796875 0.3037037037037037 0.06692708333333333 0.34259259259259256 0.06875 0.3472222222222222 0.06875 0.35416666666666663 0.0671875 0.3555555555555555 0.06848958333333333 0.35648148148148145 0.07057291666666667 0.36898148148148147 0.071875 0.3699074074074074 0.07447916666666667 0.36712962962962964 0.07604166666666666 0.3560185185185185 0.07890625 0.21574074074074073 0.07890625 0.19212962962962962 0.078125 0.1907407407407407 0.0765625 0.1925925925925926 0.07578125 0.199537037037037 0.07369791666666667 0.20277777777777778 0.07395833333333332 0.21064814814814814 0.075 0.2134259259259259 0.07213541666666666 0.22037037037037038 0.071875 0.22592592592592592 0.07057291666666667 0.2273148148148148 0.07161458333333333 0.2574074074074074 0.0703125 0.262037037037037
1 0.14635416666666665 0.43611111111111106 0.14973958333333331 0.4421296296296296 0.16223958333333333 0.44490740740740736 0.16458333333333333 0.43981481481481477 0.16484375 0.40879629629629627 0.16354166666666664 0.3935185185185185 0.16510416666666666 0.3833333333333333 0.16822916666666665 0.3101851851851852 0.17005208333333333 0.3 0.1703125 0.27037037037037037 0.17213541666666665 0.2564814814814815 0.17265625 0.23703703703703702 0.17473958333333334 0.21712962962962962 0.1796875 0.12314814814814815 0.18828125 0.05277777777777778 0.19192708333333333 0 0.17838541666666666 0 0.15703125 0.22962962962962963 0.15755208333333331 0.2324074074074074 0.14791666666666664 0.38657407407407407 0.14739583333333334 0.4263888888888888 0.14635416666666665 0.43611111111111106
1 0.12421875 0.23796296296296293 0.12473958333333332 0.26296296296296295 0.12395833333333332 0.2657407407407407 0.12447916666666665 0.2777777777777778 0.1234375 0.3134259259259259 0.12473958333333332 0.32407407407407407 0.12265625 0.32870370370370366 0.12109375 0.337037037037037 0.11979166666666666 0.36342592592592593 0.11979166666666666 0.3935185185185185 0.12083333333333332 0.39629629629629626 0.12239583333333333 0.41759259259259257 0.125 0.42037037037037034 0.12890625 0.4208333333333333 0.13072916666666665 0.4189814814814815 0.13151041666666666 0.4148148148148148 0.12994791666666666 0.3708333333333333 0.13098958333333333 0.35138888888888886 0.12994791666666666 0.3402777777777778 0.13125 0.3282407407407407 0.13177083333333334 0.26944444444444443 0.13541666666666666 0.2273148148148148 0.13359375 0.21157407407407405 0.134375 0.1847222222222222 0.13697916666666665 0.1398148148148148 0.14453125 0.07916666666666666 0.14479166666666665 0.031018518518518518 0.1484375 0 0.14244791666666665 0 0.13854166666666665 0.029166666666666664 0.12630208333333331 0.17175925925925925 0.1265625 0.1907407407407407 0.12526041666666665 0.20925925925925926 0.12265625 0.21666666666666665 0.12552083333333333 0.2287037037037037 0.12421875 0.23796296296296293
1 0.10078125 0.3282407407407407 0.10104166666666665 0.3347222222222222 0.10208333333333333 0.3361111111111111 0.10208333333333333 0.34907407407407404 0.103125 0.35 0.10625 0.34629629629629627 0.10677083333333333 0.33148148148148143 0.10598958333333333 0.32314814814814813 0.10677083333333333 0.3208333333333333 0.10520833333333332 0.31111111111111106 0.10755208333333333 0.27129629629629626 0.109375 0.2597222222222222 0.10859375 0.25509259259259254 0.11015625 0.2518518518518518 0.10963541666666665 0.24120370370370367 0.11041666666666665 0.2375 0.10859375 0.2361111111111111 0.10703125 0.21990740740740738 0.10572916666666665 0.21620370370370368 0.10416666666666666 0.21990740740740738 0.10234375 0.23703703703703702 0.1015625 0.2601851851851852 0.10208333333333333 0.2796296296296296 0.10078125 0.3282407407407407
1 0.2013020833333333 0.40509259259259256 0.2013020833333333 0.4291666666666666 0.2020833333333333 0.4351851851851851 0.2046875 0.4421296296296296 0.21015625 0.44675925925925924 0.21171875 0.4231481481481481 0.21041666666666664 0.41388888888888886 0.2106770833333333 0.40370370370370373 0.2125 0.3972222222222222 0.2114583333333333 0.38935185185185184 0.2130208333333333 0.36111111111111105 0.2125 0.3486111111111111 0.21354166666666666 0.3416666666666667 0.2125 0.33194444444444443 0.21276041666666665 0.3143518518518518 0.21588541666666666 0.23379629629629628 0.22213541666666664 0.14537037037037037 0.22421875 0.13333333333333333 0.22526041666666666 0.10787037037037037 0.2247395833333333 0.08935185185185185 0.2270833333333333 0.07638888888888888 0.23177083333333331 0.06805555555555555 0.23385416666666664 0.05185185185185185 0.2348958333333333 0.05 0.23229166666666665 0.032407407407407406 0.23515625 0.023148148148148147 0.23567708333333331 0.00787037037037037 0.234375 0.005092592592592592 0.2328125 0.008333333333333333 0.23125 0.02361111111111111 0.228125 0.03611111111111111 0.23046875 0.041975462962962964 0.23046875 0.04722222222222222 0.2255208333333333 0.07222222222222222 0.22369791666666666 0.07453703703703704 0.221875 0.08148148148148147 0.2223958333333333 0.08564814814814814 0.2203125 0.0912037037037037 0.21953125 0.09861111111111111 0.2192708333333333 0.11851851851851851 0.21744791666666666 0.12314814814814815 0.21328125 0.15324074074074073 0.20651041666666664 0.24120370370370367 0.2067708333333333 0.27268518518518514 0.2052083333333333 0.2893518518518518 0.20416666666666666 0.3421296296296296 0.20234375 0.3722222222222222 0.20260416666666664 0.3953703703703703 0.2013020833333333 0.40509259259259256
1 0.22421875 0.4569444444444444 0.22734375 0.4537037037037037 0.2265625 0.449537037037037 0.2265625 0.42037037037037034 0.22760416666666666 0.40694444444444444 0.2265625 0.3921296296296296 0.228125 0.3819444444444444 0.22916666666666666 0.3486111111111111 0.22838541666666665 0.32916666666666666 0.22994791666666664 0.3106481481481481 0.22916666666666666 0.3060185185185185 0.2309895833333333 0.3037037037037037 0.23125 0.29722222222222217 0.22916666666666666 0.2930555555555555 0.22994791666666664 0.2898148148148148 0.2286458333333333 0.2699074074074074 0.22890625 0.2583333333333333 0.22994791666666664 0.25509259259259254 0.22916666666666666 0.25231481481481477 0.22994791666666664 0.24861111111111112 0.22916666666666666 0.23055555555555554 0.2302083333333333 0.2273148148148148 0.2309895833333333 0.2134259259259259 0.23359375 0.14398148148148146 0.23541666666666666 0.12916666666666665 0.23567708333333331 0.10231481481481482 0.23958333333333331 0.05740740740740741 0.23984375 0.03333333333333333 0.2411458333333333 0.029166666666666664 0.2421875 0.016203703703703703 0.2421875 0.008333333333333333 0.23776041666666664 0.0037037037037037034 0.2372395833333333 0.008333333333333333 0.2390625 0.016203703703703703 0.2341145833333333 0.034722222222222224 0.2265625 0.15324074074074073 0.22760416666666666 0.1611111111111111 0.22604166666666664 0.16759259259259257 0.22395833333333331 0.22546296296296292 0.2208333333333333 0.2759259259259259 0.2184895833333333 0.3814814814814814 0.21796875 0.4527777777777778 0.22421875 0.4569444444444444
1 0.18541666666666665 0.21018518518518517 0.18697916666666664 0.21203703703703702 0.18776041666666665 0.21620370370370368 0.1890625 0.21666666666666665 0.190625 0.19722222222222222 0.19010416666666666 0.1899689814814815 0.19244791666666666 0.175 0.19140625 0.17407407407407408 0.19114583333333332 0.17083333333333334 0.19244791666666666 0.1699074074074074 0.19244791666666666 0.16666666666666666 0.1890625 0.1699074074074074 0.18776041666666665 0.18194444444444444 0.1875 0.20555555555555555 0.18541666666666665 0.21018518518518517
1 0.17526041666666664 0.40740740740740733 0.17864583333333334 0.40740740740740733 0.18072916666666666 0.3680555555555555 0.1859375 0.3347222222222222 0.18541666666666665 0.3083333333333333 0.18619791666666666 0.3069444444444444 0.18177083333333333 0.3050925925925926 0.18072916666666666 0.29814814814814816 0.18515625 0.2796296296296296 0.18411458333333333 0.2699074074074074 0.18567708333333333 0.2652777777777778 0.18333333333333332 0.262037037037037 0.1828125 0.24768518518518517 0.18411458333333333 0.24027777777777776 0.18619791666666666 0.2375 0.18697916666666664 0.22916666666666666 0.18932291666666665 0.2273148148148148 0.18854166666666666 0.22222222222222224 0.18671875 0.2208333333333333 0.18411458333333333 0.22361111111111112 0.18125 0.24120370370370367 0.18203125 0.2509259259259259 0.18125 0.25925925925925924 0.17838541666666666 0.2699074074074074 0.17526041666666664 0.33055555555555555 0.17421875 0.40509259259259256 0.17526041666666664 0.40740740740740733
1 0.18463541666666666 0.3763888888888889 0.18463541666666666 0.39120370370370366 0.18541666666666665 0.40046296296296297 0.1890625 0.40138888888888885 0.18958333333333333 0.38611111111111107 0.18880208333333331 0.3828703703703703 0.19296875 0.37731481481481477 0.19557291666666665 0.3421296296296296 0.19453125 0.3273148148148148 0.19609375 0.3106481481481481 0.19583333333333333 0.25416666666666665 0.19270833333333331 0.2347222222222222 0.19348958333333333 0.2310185185185185 0.19270833333333331 0.2287037037037037 0.19140625 0.23009259259259257 0.19166666666666665 0.24166666666666664 0.18880208333333331 0.24675925925925926 0.18958333333333333 0.25 0.18697916666666664 0.2722222222222222 0.18802083333333333 0.2810185185185185 0.18619791666666666 0.3 0.1859375 0.3694444444444444 0.18463541666666666 0.3763888888888889
1 0.05260416666666666 0.2384259259259259 0.05078125 0.24814814814814815 0.05208333333333333 0.2509259259259259 0.05260416666666666 0.27314814814814814 0.049479166666666664 0.2791666666666667 0.046614583333333334 0.2787037037037037 0.045572916666666664 0.28564814814814815 0.04739583333333333 0.30277777777777776 0.04609375 0.3069444444444444 0.04583333333333333 0.3763888888888889 0.046614583333333334 0.3902777777777778 0.05026041666666666 0.37731481481481477 0.0515625 0.33379629629629626 0.05416666666666666 0.3208333333333333 0.05390625 0.3069444444444444 0.052864583333333326 0.3023148148148148 0.054947916666666666 0.2930555555555555 0.05182291666666666 0.29027777777777775 0.0515625 0.2861111111111111 0.05260416666666666 0.28055555555555556 0.05390625 0.2791666666666667 0.054947916666666666 0.2652777777777778 0.05546875 0.21990740740740738 0.05364583333333332 0.21574074074074073 0.05234375 0.21944444444444441 0.0515625 0.23425925925925925 0.05260416666666666 0.2384259259259259
1 0.23307291666666666 0.4569444444444444 0.234375 0.4606481481481481 0.23854166666666665 0.4625 0.24010416666666665 0.46018518518518514 0.24088541666666666 0.4527777777777778 0.25104166666666666 0.2930555555555555 0.2567708333333333 0.23009259259259257 0.27109375 0.09351851851851851 0.2796875 0.03333333333333333 0.2817708333333333 0.012037037037037037 0.2830729166666667 0.008333333333333333 0.2833333333333333 0 0.27890625 0 0.2770833333333333 0.008333333333333333 0.26276041666666666 0.11666666666666665 0.2536458333333333 0.2 0.25234375 0.22268518518518515 0.24921875 0.24351851851851852 0.2453125 0.29212962962962963 0.24166666666666664 0.3199074074074074 0.23541666666666666 0.39629629629629626 0.23567708333333331 0.4171296296296296 0.23307291666666666 0.4569444444444444
1 0.23229166666666665 0.3712962962962963 0.23151041666666666 0.3731481481481481 0.234375 0.37731481481481477 0.23619791666666665 0.3625 0.234375 0.36111111111111105 0.2325520833333333 0.3625 0.23072916666666665 0.3662037037037037 0.23229166666666665 0.3712962962962963
1 0.2341145833333333 0.35 0.2364583333333333 0.34953703703703703 0.23515625 0.33379629629629626 0.23072916666666665 0.33009259259259255 0.23125 0.3453703703703704 0.2341145833333333 0.35
1 0.2328125 0.24675925925925926 0.23359375 0.2509259259259259 0.2302083333333333 0.275 0.2309895833333333 0.27824074074074073 0.23151041666666666 0.30787037037037035 0.2328125 0.31620370370370365 0.23151041666666666 0.3212962962962963 0.23385416666666664 0.3222222222222222 0.2348958333333333 0.3208333333333333 0.23541666666666666 0.30787037037037035 0.23463541666666665 0.3013888888888889 0.23567708333333331 0.2930555555555555 0.23515625 0.2810185185185185 0.2427083333333333 0.2 0.24453125 0.16944444444444445 0.2411458333333333 0.1726851851851852 0.240625 0.175 0.23541666666666666 0.21574074074074073 0.23567708333333331 0.22592592592592592 0.2328125 0.24675925925925926
1 0.2942708333333333 0.44768518518518513 0.2942708333333333 0.46712962962962956 0.296875 0.46990740740740733 0.29947916666666663 0.46388888888888885 0.309375 0.3069444444444444 0.30729166666666663 0.29166666666666663 0.30572916666666666 0.29953703703703705 0.30572916666666666 0.3055555555555555 0.3044270833333333 0.3069444444444444 0.30572916666666666 0.31620370370370365 0.3026041666666667 0.3277777777777778 0.29921875 0.3731481481481481 0.30026041666666664 0.3782407407407407 0.29765625 0.39398148148148143 0.2981770833333333 0.40879629629629627 0.2942708333333333 0.44768518518518513
1 0.26328125 0.3751541666666666 0.2622395833333333 0.3837962962962963 0.2638020833333333 0.3921296296296296 0.2625 0.3972222222222222 0.2638020833333333 0.39814814814814814 0.26484375 0.4027777777777778 0.2645833333333333 0.4143518518518518 0.2653645833333333 0.41574074074074074 0.26640625 0.40509259259259256 0.2661458333333333 0.38101851851851853 0.26901041666666664 0.3486111111111111 0.2669270833333333 0.3453703703703704 0.26510416666666664 0.3453703703703704 0.26197916666666665 0.3699074074074074 0.26328125 0.3751541666666666
1 0.2528645833333333 0.3828703703703703 0.2536458333333333 0.38657407407407407 0.2528645833333333 0.3935185185185185 0.25494791666666666 0.39629629629629626 0.2567708333333333 0.387037037037037 0.2567708333333333 0.37870370370370365 0.25885416666666666 0.3731481481481481 0.2596354166666667 0.3625 0.2609375 0.3347222222222222 0.2591145833333333 0.32361111111111107 0.2552083333333333 0.33148148148148143 0.2546875 0.3675925925925926 0.2528645833333333 0.3828703703703703
1 0.28671875 0.46388888888888885 0.29166666666666663 0.4546296296296296 0.2919270833333333 0.44861111111111107 0.29375 0.44305555555555554 0.29244791666666664 0.43888888888888883 0.29401041666666666 0.43611111111111106 0.29557291666666663 0.387037037037037 0.29401041666666666 0.3662037037037037 0.290625 0.36203703703703705 0.2895833333333333 0.3625 0.2869791666666667 0.387037037037037 0.28828125 0.39166666666666666 0.28515625 0.4273148148148148 0.28385416666666663 0.43148148148148147 0.2828125 0.4574074074074074 0.28671875 0.46388888888888885
1 0.3078125 0.4731481481481481 0.31015625 0.46990740740740733 0.30885416666666665 0.44861111111111107 0.3106770833333333 0.41944444444444445 0.3109375 0.3935185185185185 0.3122395833333333 0.38796296296296295 0.31328125 0.3662037037037037 0.31276041666666665 0.33148148148148143 0.3106770833333333 0.32870370370370366 0.30885416666666665 0.3347222222222222 0.3091145833333333 0.3708333333333333 0.3059895833333333 0.39398148148148143 0.30494791666666665 0.437962962962963 0.3044270833333333 0.4703703703703703 0.3078125 0.4731481481481481
1 0.3140625 0.46990740740740733 0.31744791666666666 0.4736111111111111 0.321875 0.4703703703703703 0.32291666666666663 0.4510800925925926 0.32838541666666665 0.4078703703703703 0.32526041666666666 0.40092592592592585 0.32526041666666666 0.3972222222222222 0.3260416666666667 0.3902777777777778 0.3278645833333333 0.387037037037037 0.32734375 0.3833333333333333 0.3286458333333333 0.38055555555555554 0.3296875 0.3648148148148148 0.33072916666666663 0.36296296296296293 0.32890625 0.36064814814814816 0.3278645833333333 0.3555555555555555 0.3294270833333333 0.34907407407407404 0.32890625 0.3379629629629629 0.33125 0.3138888888888889 0.33072916666666663 0.3013888888888889 0.33203125 0.2777777777777778 0.3348958333333333 0.2574074074074074 0.3377604166666667 0.21620370370370368 0.3348958333333333 0.21574074074074073 0.3317708333333333 0.23055555555555554 0.32447916666666665 0.3097222222222222 0.31484375 0.4694444444444444 0.3140625 0.46990740740740733
1 0.3278645833333333 0.475462962962963 0.33125 0.475 0.33229166666666665 0.47407407407407404 0.3395833333333333 0.36712962962962964 0.33932291666666664 0.3625 0.33697916666666666 0.36111111111111105 0.3359375 0.35462962962962963 0.3388020833333333 0.34907407407407404 0.33697916666666666 0.34259259259259256 0.33463541666666663 0.34259259259259256 0.3338541666666667 0.34444444444444444 0.334375 0.3574074074074074 0.33229166666666665 0.3625 0.3325520833333333 0.3675925925925926 0.3309895833333333 0.3726851851851852 0.33229166666666665 0.3763888888888889 0.33229166666666665 0.38055555555555554 0.33125 0.3828703703703703 0.32838541666666665 0.43240740740740735 0.3265625 0.4421296296296296 0.3265625 0.4736111111111111 0.3278645833333333 0.475462962962963
1 0.9638020833333332 0.6152777777777778 0.9666666666666666 0.6347222222222222 0.965625 0.6365740740740741 0.9651041666666667 0.6467592592592593 0.9635416666666666 0.6537037037037037 0.96171875 0.6763888888888888 0.9635416666666666 0.6819444444444444 0.9669270833333332 0.6842592592592592 0.9697916666666666 0.6805555555555556 0.975 0.6324074074074073 0.9822916666666666 0.6166666666666666 0.9833333333333332 0.6027777777777777 0.9859375 0.5953703703703703 0.9864583333333332 0.5884259259259259 0.9846354166666667 0.5777777777777777 0.98515625 0.5606481481481481 0.9880208333333332 0.55 0.9888020833333332 0.5324074074074073 0.9856770833333333 0.5212962962962963 0.9893229166666666 0.5055555555555555 0.9888020833333332 0.5009259259259259 0.9903645833333332 0.4981481481481481 0.9890625 0.4884259259259259 0.9895833333333333 0.4837962962962963 0.99140625 0.4805555555555555 0.9924479166666667 0.46712962962962956 0.9908854166666666 0.4625 0.99296875 0.4574074074074074 0.9947916666666666 0.4564814814814815 0.9927083333333332 0.4523148148148148 0.9934895833333333 0.4453703703703703 0.9947916666666666 0.44259259259259254 0.9947916666666666 0.43194444444444446 0.9958333333333332 0.4287037037037037 0.9963541666666667 0.39305555555555555 0.9971354166666666 0.3824074074074074 0.9997395833333332 0.3768518518518518 0.9997395833333332 0 0.9768229166666667 0 0.9778645833333333 0.009259259259259259 0.97890625 0.012962962962962963 0.9815104166666666 0.014814814814814814 0.9815104166666666 0.016666666666666666 0.98046875 0.018518518518518517 0.9799479166666666 0.03611111111111111 0.97734375 0.043055555555555555 0.9770833333333332 0.06157407407407407 0.97578125 0.06388888888888888 0.9783854166666666 0.06712962962962962 0.97734375 0.07129629629629629 0.9809895833333332 0.075 0.9822916666666666 0.08148148148148147 0.9830729166666666 0.09953703703703703 0.9841145833333332 0.10138888888888889 0.9833333333333332 0.10648148148148147 0.98515625 0.12407407407407407 0.984375 0.12685185185185183 0.9856770833333333 0.13148148148148148 0.9859375 0.13935185185185184 0.9861979166666666 0.1537037037037037 0.9848958333333332 0.175 0.9864583333333332 0.17777777777777776 0.9864583333333332 0.19166666666666665 0.984375 0.20277777777777778 0.9854166666666666 0.20555555555555555 0.9848958333333332 0.21388888888888888 0.9864583333333332 0.24166666666666664 0.9861979166666666 0.24953703703703703 0.984375 0.2587962962962963 0.9856770833333333 0.26157407407407407 0.9861979166666666 0.274537037037037 0.98515625 0.2824074074074074 0.9861979166666666 0.28888888888888886 0.9854166666666666 0.31296296296296294 0.9861979166666666 0.3273148148148148 0.9768229166666667 0.3680555555555555 0.9744791666666666 0.4101851851851851 0.9729166666666667 0.4143518518518518 0.97265625 0.4356481481481481 0.9736979166666666 0.4393518518518518 0.971875 0.449537037037037 0.971875 0.4708333333333333 0.9700520833333333 0.4810185185185185 0.9703125 0.5125 0.9669270833333332 0.5388888888888889 0.9651041666666667 0.5662037037037037 0.965625 0.5759259259259258 0.9627604166666666 0.5893518518518518 0.9619791666666666 0.6055555555555555 0.9622395833333333 0.6129629629629629 0.9638020833333332 0.6152777777777778
1 0.9223958333333332 0.08518518518518518 0.9236979166666666 0.09305555555555554 0.9231770833333333 0.09907407407407406 0.92421875 0.10833333333333332 0.9234375 0.1125 0.9234375 0.24768518518518517 0.9223958333333332 0.2861111111111111 0.9231770833333333 0.3101851851851852 0.91796875 0.399537037037037 0.9166666666666666 0.40879629629629627 0.9169270833333332 0.425 0.91484375 0.4537037037037037 0.9145833333333332 0.4884259259259259 0.9158854166666666 0.49861111111111106 0.9143229166666667 0.5259259259259259 0.915625 0.5291666666666666 0.915625 0.5328703703703703 0.9125 0.5402777777777777 0.9151041666666666 0.5444444444444444 0.91328125 0.5476851851851852 0.9114583333333333 0.548148148148148 0.9098958333333332 0.5537037037037036 0.91015625 0.5689814814814815 0.91171875 0.5800925925925926 0.9145833333333332 0.5856481481481481 0.91640625 0.5800925925925926 0.921875 0.5361111111111111 0.92109375 0.5333333333333333 0.9231770833333333 0.5259259259259259 0.9223958333333332 0.5226851851851851 0.9239583333333332 0.5189814814814815 0.9234375 0.5074074074074073 0.92421875 0.5050925925925925 0.92265625 0.5027777777777778 0.92265625 0.5 0.9231770833333333 0.4884259259259259 0.9260416666666667 0.47777777777777775 0.9265625 0.47175925925925927 0.9265625 0.4296296296296296 0.9286458333333332 0.425 0.9278645833333332 0.4226851851851851 0.9283854166666666 0.37870370370370365 0.9276041666666666 0.36898148148148147 0.93125 0.33055555555555555 0.9322916666666666 0.2638888888888889 0.9333333333333332 0.25509259259259254 0.9315104166666666 0.09768518518518518 0.92890625 0.06944444444444445 0.9252604166666666 0.06712962962962962 0.9213541666666666 0.07083333333333333 0.9236979166666666 0.07824074074074074 0.9223958333333332 0.08518518518518518
1 0.8520833333333332 0.10555555555555556 0.8515625 0.28657407407407404 0.8526041666666666 0.29953703703703705 0.85234375 0.32314814814814813 0.8453125 0.48240740740740734 0.8434895833333332 0.49722222222222223 0.84375 0.5208333333333333 0.8424479166666666 0.5259259259259259 0.8403645833333332 0.5592592592592592 0.8377604166666666 0.5763888888888888 0.8385416666666666 0.6055555555555555 0.8416666666666666 0.6041666666666666 0.8442708333333332 0.5953703703703703 0.85078125 0.5902777777777778 0.85234375 0.5847222222222223 0.8515625 0.5842592592592593 0.8515625 0.5796296296296296 0.8526041666666666 0.5777777777777777 0.8502604166666666 0.5745370370370371 0.8510416666666666 0.5708333333333333 0.8494791666666666 0.5685185185185185 0.85078125 0.5643518518518518 0.85 0.5583333333333333 0.85078125 0.5444444444444444 0.8526041666666666 0.5361111111111111 0.8546875 0.512962962962963 0.8544270833333332 0.4898148148148148 0.8565104166666666 0.4703703703703703 0.8575520833333332 0.4287037037037037 0.8572916666666666 0.3949074074074074 0.8598958333333332 0.3296296296296296 0.8609375 0.2569444444444444 0.8606770833333333 0.16435185185185183 0.85859375 0.1300925925925926 0.8591145833333332 0.10416666666666666 0.85625 0.024074074074074074 0.8557291666666667 0.01944444444444444 0.85234375 0.02222222222222222 0.8536458333333332 0.09074074074074073 0.8520833333333332 0.10555555555555556
1 0.9041666666666666 0.014814814814814814 0.9049479166666666 0.022685185185185183 0.90390625 0.032407407407407406 0.90390625 0.05648148148148148 0.90234375 0.06435185185185185 0.9044270833333332 0.09490740740740741 0.9041666666666666 0.10648148148148147 0.90703125 0.13564814814814813 0.90625 0.16203703703703703 0.9083333333333332 0.199537037037037 0.9083333333333332 0.22546296296296292 0.9065104166666667 0.24259259259259255 0.9059895833333332 0.28888888888888886 0.90390625 0.2986111111111111 0.9041666666666666 0.3037037037037037 0.9020833333333332 0.3101851851851852 0.9046875 0.32175925925925924 0.9036458333333333 0.3277777777777778 0.903125 0.35972222222222217 0.90078125 0.37037037037037035 0.9044270833333332 0.38009259259259254 0.90234375 0.40138888888888885 0.89921875 0.4180555555555555 0.8994791666666666 0.4578703703703703 0.8971354166666666 0.4773148148148148 0.8973958333333332 0.48287037037037034 0.8958333333333333 0.4884259259259259 0.8955729166666666 0.5064814814814815 0.8934895833333332 0.5162037037037036 0.8916666666666666 0.5472222222222223 0.8927083333333332 0.5884259259259259 0.8947916666666667 0.5986111111111111 0.89921875 0.6055555555555555 0.9010416666666666 0.6203703703703703 0.9 0.6263888888888889 0.90078125 0.6365740740740741 0.9044270833333332 0.6370370370370371 0.9078125 0.6342592592592593 0.9091145833333332 0.6129629629629629 0.9119791666666666 0.41574074074074074 0.91328125 0.38055555555555554 0.9127604166666666 0.37175925925925923 0.91484375 0.33148148148148143 0.9158854166666666 0.2759259259259259 0.9166666666666666 0.13935185185185184 0.91484375 0.11574074074074074 0.91484375 0.07777777777777777 0.9111979166666666 0.04953703703703703 0.9122395833333332 0.029166666666666664 0.9096354166666666 0 0.9046875 0 0.9026041666666667 0.0023148148148148147 0.9010416666666666 0.008333333333333333 0.9026041666666667 0.009259259259259259 0.9041666666666666 0.014814814814814814
1 0.6567708333333333 0.062037037037037036 0.6533854166666666 0.14305555555555555 0.6536458333333333 0.16574074074074072 0.64921875 0.19907407407407407 0.65 0.2158949074074074 0.6489583333333333 0.25555555555555554 0.64453125 0.27129629629629626 0.6450520833333333 0.28055555555555556 0.6309895833333333 0.5305555555555556 0.6265625 0.5810185185185185 0.6244791666666666 0.6199074074074074 0.61953125 0.6578703703703703 0.6184895833333333 0.6754629629629629 0.61328125 0.7064814814814814 0.6125 0.7166666666666666 0.6125 0.7208333333333333 0.615625 0.7226851851851851 0.628125 0.7222222222222221 0.63046875 0.7189814814814814 0.63359375 0.6888888888888889 0.6354166666666666 0.6819444444444444 0.6364583333333333 0.6685185185185185 0.6359375 0.6634259259259259 0.6390625 0.6458333333333333 0.6388020833333333 0.6328703703703703 0.64140625 0.6171296296296296 0.6408854166666667 0.6074074074074074 0.6440104166666666 0.5856481481481481 0.6458333333333333 0.562962962962963 0.6497395833333333 0.5407407407407407 0.653125 0.4819444444444444 0.65625 0.4527777777777778 0.6559895833333333 0.43472222222222223 0.6578125 0.425 0.6565104166666667 0.4101851851851851 0.6580729166666666 0.3986111111111111 0.6575520833333333 0.36527777777777776 0.6598958333333333 0.3560185185185185 0.6575520833333333 0.3388888888888889 0.6606770833333333 0.33148148148148143 0.6611979166666666 0.3259259259259259 0.6596354166666666 0.31481481481481477 0.6604166666666667 0.3037037037037037 0.6596354166666666 0.3 0.6614583333333333 0.2967592592592593 0.6638020833333333 0.2763888888888889 0.6640625 0.2587962962962963 0.6653645833333333 0.25231481481481477 0.6669270833333333 0.22314814814814815 0.6684895833333333 0.2134259259259259 0.6682291666666667 0.1699074074074074 0.6669270833333333 0.16064814814814815 0.6700520833333333 0.13425925925925924 0.6713541666666666 0.0875 0.6731770833333333 0.07638888888888888 0.6721354166666667 0.05972222222222222 0.6744791666666666 0.02638888888888889 0.6736979166666666 0.015277777777777776 0.6682291666666667 0.0125 0.66796875 0.005092592592592592 0.66640625 0 0.6604166666666667 0 0.659375 0.015277777777777776 0.6598958333333333 0.02685185185185185 0.6567708333333333 0.062037037037037036
1 0.7341145833333333 0.6712962962962963 0.7377604166666666 0.6708333333333333 0.7395833333333333 0.6675925925925925 0.7411458333333333 0.6611111111111111 0.7419270833333333 0.6416666666666666 0.7411458333333333 0.6351851851851851 0.7442708333333333 0.6157407407407407 0.7458333333333333 0.5925925925925926 0.7479166666666666 0.5847222222222223 0.7489583333333333 0.5712962962962963 0.7528645833333333 0.5592592592592592 0.7528645833333333 0.5523148148148148 0.7549479166666666 0.55 0.76875 0.3282407407407407 0.7703125 0.3143518518518518 0.7674479166666666 0.3055555555555555 0.7671875 0.2875 0.7684895833333333 0.27314814814814814 0.7682291666666666 0.26064814814814813 0.7703125 0.24212962962962964 0.7697916666666667 0.22962962962962963 0.7713541666666666 0.22037037037037038 0.7739583333333333 0.2134259259259259 0.771875 0.18148148148148147 0.7731770833333333 0.17175925925925925 0.7736979166666667 0.12777777777777777 0.775 0.11944444444444444 0.7739583333333333 0.08101851851851852 0.7752604166666666 0.06481481481481481 0.7752604166666666 0 0.7604166666666666 0 0.7596354166666666 0.005092592592592592 0.7606770833333333 0.017592592592592594 0.7567708333333333 0.02222222222222222 0.7549479166666666 0.02222222222222222 0.7559895833333333 0.2458333333333333 0.7546875 0.2513888888888889 0.7541666666666667 0.2768518518518518 0.7515625 0.3101851851851852 0.7513020833333333 0.3333333333333333 0.7479166666666666 0.3583333333333333 0.7453125 0.4259259259259259 0.7442708333333333 0.4287037037037037 0.7453125 0.43287037037037035 0.74375 0.4356481481481481 0.7416666666666666 0.45925925925925926 0.7421875 0.46342592592592585 0.7408854166666666 0.48009259259259257 0.7416666666666666 0.4842592592592593 0.7403645833333333 0.48703703703703705 0.7393229166666666 0.5018518518518518 0.7377604166666666 0.5069444444444444 0.7385416666666667 0.5157407407407407 0.7361979166666666 0.537962962962963 0.734375 0.575 0.7322916666666666 0.5921296296296296 0.7307291666666667 0.5953703703703703 0.7236979166666666 0.6509259259259259 0.7236979166666666 0.6648148148148147 0.7341145833333333 0.6712962962962963
1 0.5041666666666667 0.6046296296296296 0.5026041666666666 0.6342592592592593 0.5033854166666666 0.6384259259259258 0.5065104166666666 0.6393518518518518 0.5104166666666666 0.6365740740740741 0.5130208333333333 0.6268518518518518 0.5171875 0.5782407407407407 0.5169270833333333 0.562037037037037 0.5244791666666666 0.4981481481481481 0.5263020833333333 0.46296296296296297 0.5283854166666666 0.4532407407407407 0.5276041666666667 0.4151236111111111 0.5299479166666666 0.39398148148148143 0.5291666666666666 0.3819444444444444 0.5302083333333333 0.37407407407407406 0.5296875 0.3537037037037037 0.5302083333333333 0.34814814814814815 0.5341145833333333 0.34259259259259256 0.53671875 0.324537037037037 0.5354166666666667 0.3212962962962963 0.5364583333333333 0.31805555555555554 0.5361979166666666 0.3101851851851852 0.5338541666666666 0.3050925925925926 0.53359375 0.2962962962962963 0.5356770833333333 0.2828703703703704 0.5356770833333333 0.2722222222222222 0.5369791666666666 0.2689814814814815 0.5369791666666666 0.2439814814814815 0.54140625 0.199537037037037 0.5419270833333333 0.15925925925925927 0.5447916666666666 0.13472222222222222 0.5471354166666667 0.08333333333333333 0.5502604166666666 0.04814814814814815 0.5484375 0.03148148148148148 0.5502604166666666 0.008796296296296297 0.5494791666666666 0 0.54140625 0 0.5395833333333333 0.008333333333333333 0.5330729166666666 0.12314814814814815 0.53203125 0.12685185185185183 0.5315104166666667 0.15138888888888888 0.5247395833333333 0.24305555555555552 0.5239583333333333 0.26666666666666666 0.5182291666666666 0.33518518518518514 0.5135416666666666 0.4377314814814815 0.5130208333333333 0.4439814814814815 0.5119791666666667 0.4453703703703703 0.51015625 0.47638888888888886 0.50703125 0.5046296296296295 0.5046875 0.5611111111111111 0.5057291666666666 0.5949074074074073 0.5041666666666667 0.6046296296296296
1 0.5572916666666666 0.46018518518518514 0.5536458333333333 0.5217592592592593 0.553125 0.5472222222222223 0.55 0.5912037037037037 0.5518229166666666 0.5935185185185186 0.5572916666666666 0.5949074074074073 0.5606770833333333 0.5935185185185186 0.5614583333333333 0.5902777777777778 0.5640625 0.5444444444444444 0.56796875 0.5087962962962963 0.56953125 0.4523148148148148 0.5752604166666666 0.38055555555555554 0.5828125 0.2111111111111111 0.5859375 0.17175925925925925 0.5861979166666667 0.14305555555555555 0.5885416666666666 0.11388888888888889 0.5885416666666666 0.08009259259259259 0.5911458333333333 0.02361111111111111 0.58984375 0 0.5854166666666666 0 0.5838541666666666 0.004629629629629629 0.58515625 0.00972222222222222 0.5838541666666666 0.015277777777777776 0.5841145833333333 0.027314814814814813 0.5828125 0.03981481481481482 0.5807291666666666 0.04861111111111111 0.5809895833333333 0.08888888888888888 0.5765625 0.14259259259259258 0.5763020833333333 0.1662037037037037 0.5734375 0.19537037037037036 0.5723958333333333 0.23564814814814813 0.56953125 0.27129629629629626 0.5684895833333333 0.30462962962962964 0.5669270833333333 0.31712962962962965 0.56171875 0.3379629629629629 0.5614583333333333 0.3421296296296296 0.56328125 0.34814814814814815 0.5622395833333333 0.3523148148148148 0.5635416666666666 0.3532407407407407 0.5609375 0.3625 0.5611979166666666 0.3662037037037037 0.5598958333333333 0.3685185185185185 0.5606770833333333 0.3763888888888889 0.5598958333333333 0.37870370370370365 0.55703125 0.38009259259259254 0.5604166666666666 0.3851851851851852 0.56015625 0.39120370370370366 0.55703125 0.39398148148148143 0.5572916666666666 0.4185185185185185 0.5552083333333333 0.43148148148148147 0.55546875 0.44907407407407407 0.5572916666666666 0.46018518518518514
1 0.9375 0.38425925925925924 0.9354166666666666 0.3907407407407407 0.9380208333333332 0.40092592592592585 0.9390625 0.40138888888888885 0.9408854166666666 0.39305555555555555 0.94296875 0.3902777777777778 0.9424479166666666 0.3888888888888889 0.94609375 0.3875 0.94296875 0.3685185185185185 0.9447916666666666 0.35462962962962963 0.94453125 0.29027777777777775 0.94609375 0.28657407407407404 0.94609375 0.2824074074074074 0.9432291666666666 0.25277777777777777 0.9440104166666666 0.23703703703703702 0.9427083333333333 0.23518518518518516 0.9388020833333333 0.2375 0.9356770833333332 0.3486111111111111 0.9375 0.3638888888888889 0.9375 0.38425925925925924
1 0.9481770833333332 0.5847222222222223 0.953125 0.5893518518518518 0.95546875 0.5847222222222223 0.9533854166666667 0.5814814814814815 0.95390625 0.5736111111111111 0.9533854166666667 0.5717592592592593 0.9526041666666666 0.5726851851851851 0.95 0.5819444444444444 0.9481770833333332 0.5847222222222223
1 0.9541666666666666 0.5194444444444444 0.9518229166666666 0.5222222222222223 0.953125 0.5296296296296296 0.9528645833333332 0.5373842592592593 0.9505208333333333 0.5430555555555555 0.9515625 0.5462962962962963 0.9515625 0.5546296296296296 0.953125 0.5587962962962962 0.95625 0.5597222222222222 0.9567708333333332 0.5083333333333333 0.9518229166666666 0.5115740740740741 0.9533854166666667 0.5138888888888888 0.9541666666666666 0.5194444444444444
1 0.9526041666666666 0.40925925925925927 0.9533854166666667 0.41990740740740734 0.9518229166666666 0.42777777777777776 0.9494791666666667 0.4925925925925926 0.9481770833333332 0.5013888888888889 0.9494791666666667 0.5074074074074073 0.9528645833333332 0.5050925925925925 0.9526041666666666 0.49861111111111106 0.9536458333333332 0.4976851851851851 0.9520833333333332 0.49675925925925923 0.95390625 0.4912037037037037 0.953125 0.487962962962963 0.9544270833333333 0.4842592592592593 0.9546875 0.4768518518518518 0.9565104166666666 0.4736111111111111 0.9557291666666666 0.46990740740740733 0.95703125 0.46759259259259256 0.9588541666666666 0.3902777777777778 0.9609375 0.34814814814814815 0.9604166666666666 0.33194444444444443 0.9567708333333332 0.3259259259259259 0.9544270833333333 0.35138888888888886 0.95390625 0.40462962962962956 0.9526041666666666 0.40925925925925927
1 0.8111979166666666 0.24907407407407406 0.8096354166666666 0.2513888888888889 0.81015625 0.2583333333333333 0.8122395833333332 0.2768518518518518 0.8145833333333332 0.27824074074074073 0.815625 0.2759259259259259 0.8161458333333332 0.2645833333333333 0.8177083333333333 0.2583333333333333 0.8169270833333332 0.25555555555555554 0.8174479166666666 0.2509259259259259 0.815625 0.2462962962962963 0.8158854166666666 0.2333333333333333 0.8143229166666666 0.2310185185185185 0.8153645833333332 0.2273148148148148 0.8135416666666666 0.22592592592592592 0.8104166666666666 0.23055555555555554 0.81015625 0.2449074074074074 0.8111979166666666 0.24907407407407406
1 0.81171875 0.13935185185185184 0.8106770833333332 0.1472222222222222 0.8114583333333332 0.1638888888888889 0.8104166666666666 0.17407407407407408 0.8114583333333332 0.18518518518518517 0.8106770833333332 0.21064814814814814 0.81171875 0.22175925925925927 0.81640625 0.22314814814814815 0.81796875 0.21712962962962962 0.81875 0.20277777777777778 0.8182291666666666 0.1509259259259259 0.8197916666666666 0.13148148148148148 0.8190104166666666 0.04861111111111111 0.81796875 0.04027777777777777 0.8184895833333332 0 0.8088541666666667 0 0.81171875 0.11574074074074074 0.81171875 0.13935185185185184
1 0.81796875 0.3504629629629629 0.8143229166666666 0.3592592592592593 0.8166666666666667 0.3722222222222222 0.81640625 0.38796296296296295 0.8127604166666667 0.4217592592592593 0.8127604166666667 0.46342592592592585 0.81015625 0.48009259259259257 0.8096354166666666 0.5226851851851851 0.8104166666666666 0.5268518518518518 0.809375 0.5416666666666666 0.8067708333333332 0.5462962962962963 0.8065104166666666 0.5685185185185185 0.8072916666666666 0.5708333333333333 0.80625 0.5731481481481481 0.80625 0.5763888888888888 0.8106770833333332 0.5819444444444444 0.8145833333333332 0.5828703703703704 0.8158854166666666 0.5814814814814815 0.8166666666666667 0.5634259259259259 0.8208333333333332 0.5662037037037037 0.821875 0.5643518518518518 0.8216145833333333 0.5583333333333333 0.8200520833333332 0.5569444444444444 0.8197916666666666 0.5449074074074074 0.8216145833333333 0.5324074074074073 0.81875 0.5092592592592593 0.8184895833333332 0.4893518518518518 0.81953125 0.4666666666666666 0.82109375 0.46342592592592585 0.8200520833333332 0.45925925925925926 0.8213541666666666 0.45046296296296295 0.8221354166666666 0.4041666666666666 0.8231770833333332 0.4 0.8239583333333332 0.37916666666666665 0.8255208333333333 0.3731481481481481 0.8255208333333333 0.33425925925925926 0.8244791666666667 0.3277777777777778 0.82265625 0.3263888888888889 0.8216145833333333 0.3222222222222222 0.8221354166666666 0.30925925925925923 0.82109375 0.3069444444444444 0.8169270833333332 0.3106481481481481 0.8138020833333333 0.3083333333333333 0.81328125 0.31111111111111106 0.809375 0.3138888888888889 0.81875 0.3388888888888889 0.81796875 0.3504629629629629
1 0.81015625 0.17638888888888887 0.8109375 0.17824074074074073 0.8083333333333332 0.20277777777777778 0.8096354166666666 0.20879629629629629 0.7895833333333333 0.5472222222222223 0.78828125 0.5532407407407407 0.7885416666666666 0.5768518518518518 0.7854166666666667 0.6046296296296296 0.7856770833333333 0.6087962962962963 0.7885416666666666 0.610648148148148 0.7940104166666666 0.6083333333333333 0.7955729166666666 0.6009259259259259 0.7953125 0.5939814814814814 0.7966145833333333 0.5833333333333333 0.7989583333333333 0.5745370370370371 0.8015625 0.5467592592592593 0.8010416666666667 0.5425925925925925 0.803125 0.5115740740740741 0.8059895833333333 0.49444444444444435 0.80546875 0.4731481481481481 0.8075520833333332 0.46388888888888885 0.8091145833333332 0.437037037037037 0.8127604166666667 0.40092592592592585 0.8119791666666666 0.3898148148148148 0.8127604166666667 0.3768518518518518 0.8153645833333332 0.36666666666666664 0.81640625 0.2735185185185185 0.8177083333333333 0.2518518518518518 0.8174479166666666 0.21776111111111107 0.8184895833333332 0.19768518518518516 0.81796875 0.14351851851851852 0.81875 0.12731481481481483 0.81796875 0.07777777777777777 0.815625 0.07314814814814814 0.8135416666666666 0.07453703703703704 0.8096354166666666 0.13194444444444445 0.8106770833333332 0.15 0.81015625 0.17638888888888887
1 0.784375 0.09444444444444444 0.78515625 0.10277777777777777 0.78671875 0.10555555555555556 0.7846354166666666 0.11342592592592593 0.7856770833333333 0.14861111111111108 0.7838541666666666 0.1611111111111111 0.7841145833333333 0.17731481481481481 0.7833333333333333 0.18148148148148147 0.784375 0.20324074074074075 0.7830729166666666 0.20925925925925926 0.7830729166666666 0.21944444444444441 0.7807291666666666 0.23888888888888887 0.7817708333333333 0.2439814814814815 0.7807291666666666 0.28703703703703703 0.7791666666666666 0.2986111111111111 0.7768229166666666 0.3509259259259259 0.771875 0.38009259259259254 0.7661458333333333 0.46342592592592585 0.76640625 0.475462962962963 0.7653645833333333 0.4810185185185185 0.76640625 0.4842592592592593 0.7635416666666666 0.5560185185185185 0.7611979166666666 0.5638888888888889 0.7614583333333333 0.5921296296296296 0.7578125 0.6231481481481481 0.7578125 0.6300925925925925 0.7619791666666667 0.6333333333333333 0.765625 0.6333333333333333 0.7674479166666666 0.6282407407407408 0.7703125 0.6004629629629629 0.7705729166666666 0.5842592592592593 0.7760416666666666 0.5638888888888889 0.7778645833333333 0.5439814814814815 0.77734375 0.5402777777777777 0.7796875 0.5259259259259259 0.78125 0.49444444444444435 0.78125 0.48009259259259257 0.7799479166666666 0.47175925925925927 0.7838541666666666 0.43194444444444446 0.7830729166666666 0.4296296296296296 0.78359375 0.425 0.7815104166666667 0.4185185185185185 0.7815104166666667 0.399537037037037 0.7833333333333333 0.3902777777777778 0.7822916666666666 0.387037037037037 0.7841145833333333 0.3833333333333333 0.7861979166666666 0.3296296296296296 0.7877604166666666 0.3212962962962963 0.7885416666666666 0.2935185185185185 0.7911458333333333 0.25601851851851853 0.7942708333333333 0.1310185185185185 0.7934895833333333 0.1162037037037037 0.7916666666666666 0.10925925925925925 0.7921875 0.07129629629629629 0.7908854166666666 0.05648148148148148 0.78828125 0.054629629629629625 0.7859375 0.059259259259259255 0.7859375 0.0824074074074074 0.784375 0.09444444444444444
1 0.6578125 0.575 0.6565104166666667 0.5856481481481481 0.65703125 0.5875 0.6588541666666666 0.5875 0.6604166666666667 0.5856481481481481 0.6611979166666666 0.5814814814814815 0.6609375 0.5773148148148148 0.6619791666666666 0.575 0.6690104166666666 0.5226851851851851 0.6690104166666666 0.5 0.6705729166666666 0.49444444444444435 0.6684895833333333 0.4893518518518518 0.6643229166666667 0.4916666666666666 0.6630208333333333 0.49490740740740735 0.6635416666666666 0.499537037037037 0.66015625 0.5282407407407408 0.65859375 0.5291666666666666 0.659375 0.5337962962962963 0.65703125 0.5518518518518518 0.6565104166666667 0.562962962962963 0.6578125 0.575
1 0.6661458333333333 0.46018518518518514 0.66640625 0.4643518518518518 0.6638020833333333 0.4666666666666666 0.6638020833333333 0.4726851851851851 0.66484375 0.47592592592592586 0.6697916666666666 0.4666666666666666 0.66953125 0.46296296296296297 0.6723958333333333 0.449537037037037 0.6783854166666666 0.3555555555555555 0.6776041666666666 0.3273148148148148 0.6794270833333333 0.3143518518518518 0.6809895833333333 0.25231481481481477 0.6828125 0.23287037037037037 0.6833333333333333 0.20185185185185187 0.6825520833333333 0.18981481481481483 0.6846354166666666 0.16898148148148145 0.6854166666666666 0.08472222222222223 0.68359375 0.07314814814814814 0.6846354166666666 0.07083333333333333 0.6828125 0.06759259259259259 0.6841145833333333 0.059259259259259255 0.6856770833333333 0.05787037037037037 0.6856770833333333 0.04027777777777777 0.68359375 0.04259259259259259 0.6822916666666666 0.05185185185185185 0.6799479166666667 0.09583333333333333 0.6783854166666666 0.10462962962962963 0.6791666666666666 0.1259259259259259 0.6770833333333333 0.1537037037037037 0.6755208333333333 0.2273148148148148 0.6747395833333333 0.23009259259259257 0.675 0.25416666666666665 0.6731770833333333 0.2722222222222222 0.6739583333333333 0.2861111111111111 0.6708333333333333 0.3310185185185185 0.6674479166666666 0.4180555555555555 0.6653645833333333 0.44305555555555554 0.6643229166666667 0.4458333333333333 0.6643229166666667 0.4569444444444444 0.6661458333333333 0.46018518518518514
1 0.6971354166666666 0.07314814814814814 0.69765625 0.08564814814814814 0.6986979166666666 0.08935185185185185 0.6979166666666666 0.09537037037037036 0.6984375 0.10787037037037037 0.6966145833333333 0.1125 0.6953125 0.14444444444444443 0.69609375 0.14675925925925926 0.6958333333333333 0.15787037037037038 0.6994791666666667 0.1648148148148148 0.70078125 0.16157407407407406 0.7013020833333333 0.07731481481481481 0.703125 0.0611111111111111 0.7028645833333333 0.032407407407407406 0.7020833333333333 0.029629629629629627 0.703125 0.023148148148148147 0.7020833333333333 0.018055555555555554 0.7015625 0 0.6989583333333333 0 0.696875 0.04861111111111111 0.6979166666666666 0.059259259259259255 0.6971354166666666 0.07314814814814814
1 0.6919270833333333 0.46342592592592585 0.6908854166666666 0.4805555555555555 0.6888020833333333 0.4921296296296296 0.6859375 0.5430555555555555 0.6864583333333333 0.5532407407407407 0.6888020833333333 0.5564814814814815 0.6934895833333333 0.5569444444444444 0.6958333333333333 0.5546296296296296 0.6966145833333333 0.5504629629629629 0.6966145833333333 0.5268518518518518 0.7 0.5087962962962963 0.7033854166666667 0.4708333333333333 0.7033854166666667 0.4453703703703703 0.70625 0.40462962962962956 0.70546875 0.3921296296296296 0.7075520833333333 0.36342592592592593 0.709375 0.3523148148148148 0.709375 0.3384259259259259 0.7075520833333333 0.33148148148148143 0.7075520833333333 0.32037037037037036 0.7065104166666666 0.3189814814814814 0.70859375 0.3106481481481481 0.7104166666666666 0.2912037037037037 0.7104166666666666 0.2791666666666667 0.7083333333333333 0.2759259259259259 0.7088541666666666 0.26805555555555555 0.7109375 0.2625 0.7098958333333333 0.25277777777777777 0.7088541666666666 0.25509259259259254 0.70859375 0.2625 0.70546875 0.2652777777777778 0.7046875 0.2722222222222222 0.7026041666666666 0.2754629629629629 0.7015625 0.28194444444444444 0.7010416666666666 0.3087962962962963 0.7018229166666666 0.31666666666666665 0.7 0.3208333333333333 0.7015625 0.3282407407407407 0.7010416666666666 0.33518518518518514 0.6984375 0.3486111111111111 0.69765625 0.36064814814814816 0.6955729166666667 0.3694444444444444 0.69375 0.39398148148148143 0.6921875 0.39675925925925926 0.69140625 0.4078703703703703 0.6924479166666666 0.4231481481481481 0.6919270833333333 0.46342592592592585
1 0.7440104166666666 0.046296296296296294 0.7450520833333333 0.04953703703703703 0.7440104166666666 0.0537037037037037 0.7463541666666667 0.05694444444444444 0.7447916666666666 0.06064814814814814 0.7466145833333333 0.06712962962962962 0.7497395833333333 0.07268518518518519 0.74921875 0.07777777777777777 0.7505208333333333 0.08101851851851852 0.7494791666666666 0.09166666666666666 0.7505208333333333 0.11157407407407408 0.74765625 0.11944444444444444 0.7484375 0.12453703703703703 0.746875 0.12638888888888888 0.7473958333333333 0.137037037037037 0.74609375 0.15231481481481482 0.7442708333333333 0.15694444444444444 0.7442708333333333 0.17222222222222222 0.74609375 0.175 0.74453125 0.1787037037037037 0.7481770833333333 0.18287037037037035 0.7515625 0.1787037037037037 0.7536458333333333 0.16203703703703703 0.7518229166666666 0.14305555555555555 0.75390625 0.1388888888888889 0.7541666666666667 0.13148148148148148 0.7557291666666666 0.12685185185185183 0.7544270833333333 0.11203703703703702 0.7552083333333333 0.10509259259259258 0.7533854166666666 0.1037037037037037 0.7533854166666666 0.10046296296296295 0.7552083333333333 0.09907407407407406 0.7544270833333333 0.09768518518518518 0.7544270833333333 0.08611111111111111 0.7557291666666666 0.07731481481481481 0.7544270833333333 0.043055555555555555 0.7520833333333333 0.0412037037037037 0.7518229166666666 0.03611111111111111 0.7505208333333333 0.03518518518518519 0.74765625 0.03518518518518519 0.74453125 0.039351851851851846 0.7458333333333333 0.04074074074074074 0.7440104166666666 0.046296296296296294
1 0.7255208333333333 0.5314814814814814 0.72578125 0.5513888888888888 0.7234375 0.5597222222222222 0.7236979166666666 0.5814814814814815 0.7255208333333333 0.5833333333333333 0.7247395833333333 0.5875 0.7234375 0.5884259259259259 0.7255208333333333 0.5916666666666666 0.7276041666666666 0.5921296296296296 0.7315104166666666 0.5884259259259259 0.73125 0.5819444444444444 0.7322916666666666 0.5791666666666666 0.7341145833333333 0.5796296296296296 0.7354166666666666 0.575 0.7330729166666666 0.5666666666666667 0.7375 0.55 0.74453125 0.4148148148148148 0.74375 0.4111111111111111 0.7450520833333333 0.4083333333333333 0.7455729166666666 0.3782407407407407 0.7471354166666666 0.35462962962962963 0.7484375 0.34907407407407404 0.75 0.3087962962962963 0.7489583333333333 0.2398148148148148 0.7502604166666667 0.2310185185185185 0.7481770833333333 0.19444444444444445 0.74375 0.19907407407407407 0.7442708333333333 0.21805555555555553 0.7411458333333333 0.23055555555555554 0.74375 0.23703703703703702 0.7434895833333333 0.24212962962962964 0.7411458333333333 0.2444444444444444 0.7411458333333333 0.2638888888888889 0.7401041666666666 0.2648148148148148 0.74140625 0.2689814814814815 0.7403645833333333 0.2722222222222222 0.740625 0.2847222222222222 0.7388020833333333 0.2861111111111111 0.74140625 0.29398148148148145 0.7393229166666666 0.3101851851851852 0.7377604166666666 0.3138888888888889 0.7348958333333333 0.3763888888888889 0.73359375 0.3828703703703703 0.7348958333333333 0.39398148148148143 0.7333333333333333 0.39768518518518514 0.73359375 0.40879629629629627 0.73203125 0.4148148148148148 0.7333333333333333 0.4180555555555555 0.7333333333333333 0.4217592592592593 0.7315104166666666 0.42824074074074076 0.7328125 0.43287037037037035 0.7317708333333333 0.4356481481481481 0.7328125 0.44305555555555554 0.7325520833333333 0.4546296296296296 0.7307291666666667 0.46342592592592585 0.73125 0.46574074074074073 0.7294270833333333 0.46990740740740733 0.7302083333333333 0.47453703703703703 0.7286458333333333 0.47638888888888886 0.7296875 0.4796296296296296 0.7286458333333333 0.4842592592592593 0.7317708333333333 0.4884259259259259 0.7302083333333333 0.4912037037037037 0.7294270833333333 0.4976851851851851 0.7252604166666666 0.5013888888888889 0.725 0.5134259259259258 0.7234375 0.5185185185185185 0.7236979166666666 0.525462962962963 0.7255208333333333 0.5314814814814814
1 0.7065104166666666 0.5689814814814815 0.7122395833333333 0.5643518518518518 0.71328125 0.5662037037037037 0.7145833333333333 0.5611111111111111 0.71953125 0.5518518518518518 0.72109375 0.5509259259259258 0.7234375 0.5546296296296296 0.7247395833333333 0.5532407407407407 0.725 0.5449074074074074 0.7229166666666667 0.5430555555555555 0.7216145833333333 0.5388888888888889 0.7239583333333333 0.5333333333333333 0.7236979166666666 0.523611111111111 0.7268229166666667 0.5032407407407408 0.7286458333333333 0.5018518518518518 0.7296875 0.42453703703703705 0.7307291666666667 0.4217592592592593 0.7322916666666666 0.3814814814814814 0.7354166666666666 0.36342592592592593 0.73828125 0.3037037037037037 0.7369791666666666 0.30046296296296293 0.7380208333333333 0.2949074074074074 0.7356770833333333 0.29166666666666663 0.73828125 0.2763888888888889 0.7372395833333333 0.27129629629629626 0.73828125 0.2699074074074074 0.7377604166666666 0.2638888888888889 0.74140625 0.21064814814814814 0.7421875 0.20972222222222223 0.7388020833333333 0.2074074074074074 0.7377604166666666 0.1986111111111111 0.734375 0.1949074074074074 0.7338541666666666 0.2013888888888889 0.7346354166666667 0.20509259259259255 0.7307291666666667 0.2189814814814815 0.7302083333333333 0.22592592592592592 0.7286458333333333 0.2898148148148148 0.7268229166666667 0.2930555555555555 0.72734375 0.2953703703703704 0.72578125 0.30648148148148147 0.7072916666666667 0.5425925925925925 0.7057291666666666 0.549074074074074 0.70546875 0.5592592592592592 0.7065104166666666 0.5689814814814815
1 0.6161458333333333 0.5398148148148147 0.6197916666666666 0.5402777777777777 0.6239583333333333 0.5226851851851851 0.6216145833333333 0.512962962962963 0.6231770833333333 0.4958333333333333 0.6268229166666666 0.4912037037037037 0.62421875 0.4893518518518518 0.62421875 0.48703703703703705 0.6260416666666666 0.4842592592592593 0.6247395833333333 0.4722222222222222 0.6265625 0.46342592592592585 0.62578125 0.45879629629629626 0.6270833333333333 0.449537037037037 0.6255208333333333 0.44490740740740736 0.6270833333333333 0.43611111111111106 0.6283854166666666 0.40462962962962956 0.6299479166666666 0.3907407407407407 0.6296875 0.37962962962962965 0.6309895833333333 0.3731481481481481 0.6315104166666666 0.3486111111111111 0.6302083333333333 0.3375 0.6309895833333333 0.31574074074074077 0.63359375 0.29722222222222217 0.6317708333333333 0.27129629629629626 0.6333333333333333 0.23148148148148148 0.6328125 0.20231481481481478 0.6356770833333333 0.16203703703703703 0.6354166666666666 0.14675925925925926 0.63359375 0.13935185185185184 0.6299479166666666 0.16064814814814815 0.6286458333333333 0.2009259259259259 0.6192708333333333 0.31712962962962965 0.61953125 0.325 0.6205729166666666 0.32685185185185184 0.61953125 0.33148148148148143 0.625 0.3662037037037037 0.6239583333333333 0.3694444444444444 0.6244791666666666 0.3782407407407407 0.6234375 0.3833333333333333 0.6236979166666666 0.3949074074074074 0.6221354166666666 0.4101851851851851 0.6208333333333333 0.45879629629629626 0.61953125 0.46342592592592585 0.6184895833333333 0.4935185185185185 0.61640625 0.5152777777777777 0.6174479166666667 0.523611111111111 0.6161458333333333 0.5398148148148147
1 0.59609375 0.4111111111111111 0.59765625 0.4222222222222222 0.60234375 0.437037037037037 0.6078125 0.4305555555555555 0.6096354166666667 0.4259259259259259 0.6091145833333333 0.40740740740740733 0.6104166666666666 0.40092592592592585 0.61015625 0.3902777777777778 0.6114583333333333 0.3833333333333333 0.61328125 0.38009259259259254 0.6135416666666667 0.3759259259259259 0.6135416666666667 0.3722222222222222 0.6122395833333333 0.36898148148148147 0.6130208333333333 0.3657407407407407 0.6119791666666666 0.36064814814814816 0.6127604166666666 0.3523148148148148 0.6119791666666666 0.35 0.61328125 0.3453703703703704 0.6127604166666666 0.33518518518518514 0.6151041666666666 0.23935185185185187 0.6158854166666666 0.22685185185185186 0.6169270833333333 0.22407407407407404 0.61640625 0.1912037037037037 0.6177083333333333 0.175 0.6169270833333333 0.1537037037037037 0.6161458333333333 0.15231481481481482 0.6145833333333333 0.15324074074074073 0.6127604166666666 0.15787037037037038 0.6111979166666666 0.17314814814814813 0.5966145833333333 0.3972222222222222 0.5971354166666666 0.4041666666666666 0.59609375 0.4111111111111111
1 0.37421875 0.4935185185185185 0.37604166666666666 0.4962962962962963 0.3778645833333333 0.49444444444444435 0.38203125 0.4773148148148148 0.38151041666666663 0.47453703703703703 0.3825520833333333 0.4703703703703703 0.38203125 0.46620370370370373 0.390625 0.3416666666666667 0.3903645833333333 0.324537037037037 0.3927083333333333 0.2754629629629629 0.40494791666666663 0.11018518518518519 0.4052083333333333 0.09490740740740741 0.4075520833333333 0.07777777777777777 0.4065104166666666 0.07314814814814814 0.4078125 0.07129629629629629 0.4075520833333333 0.06388888888888888 0.4044270833333333 0.059259259259259255 0.403125 0.07268518518518519 0.4015625 0.07777777777777777 0.40104166666666663 0.08518518518518518 0.4018229166666666 0.0875 0.4005208333333333 0.09166666666666666 0.4002604166666666 0.10524675925925926 0.396875 0.1300925925925926 0.3924479166666667 0.1935185185185185 0.38932291666666663 0.21944444444444441 0.3880208333333333 0.24953703703703703 0.38307291666666665 0.3106481481481481 0.3833333333333333 0.3222222222222222 0.3807291666666667 0.3699074074074074 0.37838541666666664 0.39398148148148143 0.37369791666666663 0.48703703703703705 0.37421875 0.4935185185185185
1 0.44453125 0.39305555555555555 0.4421875 0.3972222222222222 0.4434895833333333 0.40138888888888885 0.44401041666666663 0.4148148148148148 0.4424479166666666 0.4180555555555555 0.4434895833333333 0.4217592592592593 0.440625 0.4287037037037037 0.4419270833333333 0.4356481481481481 0.440625 0.4375 0.43984375 0.4421296296296296 0.440625 0.4462962962962963 0.4390625 0.449537037037037 0.4377604166666666 0.46990740740740733 0.43828125 0.4805555555555555 0.4354166666666666 0.48703703703703705 0.4356770833333333 0.49722222222222223 0.4338541666666666 0.5009259259259259 0.4341145833333333 0.5037037037037037 0.4356770833333333 0.5055555555555555 0.4377604166666666 0.5046296296296295 0.4416666666666666 0.4884259259259259 0.4432291666666666 0.48703703703703705 0.4450520833333333 0.4773148148148148 0.4447916666666666 0.4703703703703703 0.4463541666666666 0.46388888888888885 0.4455729166666666 0.45879629629629626 0.4466145833333333 0.437037037037037 0.4502604166666666 0.3972222222222222 0.4494791666666666 0.39259259259259255 0.4528645833333333 0.3518518518518518 0.4549479166666666 0.2958333333333333 0.4565104166666666 0.28055555555555556 0.45703125 0.2652777777777778 0.4552083333333333 0.25462962962962965 0.4572916666666666 0.2518518518518518 0.4580729166666666 0.2375 0.4567708333333333 0.23564814814814813 0.45572916666666663 0.23703703703703702 0.4559895833333333 0.24027777777777776 0.45234375 0.25509259259259254 0.4526041666666666 0.2685185185185185 0.4494791666666666 0.3069444444444444 0.45 0.31111111111111106 0.4484375 0.3393518518518518 0.4434895833333333 0.3819444444444444 0.4419270833333333 0.38425925925925924 0.4427083333333333 0.3902777777777778 0.44453125 0.39305555555555555
1 0.5083333333333333 0.032407407407407406 0.50859375 0.03518518518518519 0.5052083333333333 0.04907407407407407 0.5018229166666666 0.05 0.5052083333333333 0.06388888888888888 0.50859375 0.07037037037037037 0.5096354166666666 0.06805555555555555 0.51015625 0.055092592592592596 0.5119791666666667 0.050925925925925916 0.5125 0.0375 0.5119791666666667 0.02361111111111111 0.51015625 0.025462962962962958 0.5098958333333333 0.03148148148148148 0.5083333333333333 0.032407407407407406
1 0.4763020833333333 0.5222222222222223 0.4794270833333333 0.5226851851851851 0.4815104166666666 0.5189814814814815 0.48359375 0.48611111111111105 0.48515625 0.4805555555555555 0.4841145833333333 0.4694444444444444 0.4877604166666666 0.43611111111111106 0.4859375 0.43240740740740735 0.4880208333333333 0.4287037037037037 0.4893229166666666 0.4226851851851851 0.4880208333333333 0.40740740740740733 0.4848958333333333 0.40509259259259256 0.4841145833333333 0.40509259259259256 0.48307291666666663 0.4111111111111111 0.4838541666666666 0.425 0.48515625 0.4273148148148148 0.48046875 0.4416666666666666 0.4802083333333333 0.4685185185185185 0.4765625 0.4962962962962963 0.47526041666666663 0.5189814814814815 0.4763020833333333 0.5222222222222223
1 0.48671875 0.39629629629629626 0.4864583333333333 0.40138888888888885 0.4875 0.4027777777777778 0.4885416666666666 0.40092592592592585 0.4895833333333333 0.39444444444444443 0.4890625 0.3884259259259259 0.4921875 0.37361111111111106 0.4950520833333333 0.33148148148148143 0.496875 0.3208333333333333 0.5057291666666666 0.1824074074074074 0.5106770833333333 0.07870370370370369 0.5091145833333333 0.07175925925925926 0.5072916666666666 0.07222222222222222 0.5065104166666666 0.07546296296296295 0.5044270833333333 0.07777777777777777 0.5052083333333333 0.08287037037037036 0.5033854166666666 0.08472222222222223 0.4838541666666666 0.3833333333333333 0.48671875 0.39629629629629626
1 0.4736979166666666 0.2462962962962963 0.4755208333333333 0.22407407407407404 0.4739583333333333 0.21666666666666665 0.4723958333333333 0.22407407407407404 0.4716145833333333 0.2375 0.4736979166666666 0.2462962962962963
1 0.4565104166666666 0.43287037037037035 0.4591145833333333 0.4287037037037037 0.4578125 0.4231481481481481 0.4578125 0.41388888888888886 0.46171875 0.40509259259259256 0.4671875 0.3523148148148148 0.4684895833333333 0.33564814814814814 0.4682291666666666 0.30277777777777776 0.46953125 0.2935185185185185 0.46875 0.28888888888888886 0.4703125 0.28657407407407404 0.4692708333333333 0.2828703703703704 0.47109375 0.2791666666666667 0.4703125 0.27129629629629626 0.4677083333333333 0.27175925925925926 0.46640625 0.2759259259259259 0.46484375 0.30787037037037035 0.4630208333333333 0.31666666666666665 0.4630208333333333 0.3393518518518518 0.45572916666666663 0.40092592592592585 0.45546875 0.4263888888888888 0.4565104166666666 0.43287037037037035
1 0.4091145833333333 0.4393518518518518 0.4057291666666666 0.449537037037037 0.4065104166666666 0.4564814814814815 0.4046875 0.4898148148148148 0.4057291666666666 0.5060185185185185 0.4028645833333333 0.5189814814814815 0.4026041666666666 0.5263888888888888 0.4044270833333333 0.5333333333333333 0.4078125 0.5347222222222222 0.40859375 0.5032407407407408 0.4122395833333333 0.48009259259259257 0.4140625 0.47453703703703703 0.44401041666666663 0.0125 0.4432291666666666 0 0.4416666666666666 0 0.44140625 0.004629629629629629 0.4390625 0.00787037037037037 0.4286458333333333 0.11898148148148147 0.4291666666666666 0.12361111111111109 0.42447916666666663 0.16944444444444445 0.425 0.1824074074074074 0.4231770833333333 0.1949074074074074 0.42057291666666663 0.24212962962962964 0.41796875 0.2685185185185185 0.4182291666666666 0.2824074074074074 0.4072916666666666 0.412962962962963 0.40546875 0.4212962962962963 0.4059895833333333 0.42824074074074076 0.4091145833333333 0.4393518518518518
1 0.3606770833333333 0.4805555555555555 0.36276041666666664 0.4851851851851851 0.3661458333333333 0.4837962962962963 0.36822916666666666 0.44907407407407407 0.36744791666666665 0.4393518518518518 0.3690104166666667 0.4356481481481481 0.36822916666666666 0.4333333333333333 0.36979166666666663 0.4291666666666666 0.37447916666666664 0.30787037037037035 0.3731770833333333 0.29074074074074074 0.36875 0.30925925925925923 0.3583333333333333 0.46620370370370373 0.3606770833333333 0.4805555555555555
1 0.3231770833333333 0.09444444444444444 0.32526041666666666 0.10092592592592593 0.3247395833333333 0.10324074074074074 0.3221354166666667 0.10509259259259258 0.3223958333333333 0.10972222222222221 0.32135416666666666 0.1125 0.321875 0.12407407407407407 0.3203125 0.13333333333333333 0.3221354166666667 0.1398148148148148 0.3221354166666667 0.14814814814814814 0.31953125 0.16666666666666666 0.31640625 0.17453703703703702 0.31328125 0.17824074074074073 0.31796875 0.18148148148148147 0.3208333333333333 0.1884259259259259 0.3223958333333333 0.18657407407407406 0.3247395833333333 0.1787037037037037 0.3278645833333333 0.1509259259259259 0.32890625 0.10300925925925926 0.33151041666666664 0.08564814814814814 0.3299479166666667 0.08148148148148147 0.33046875 0.07777777777777777 0.3278645833333333 0.07314814814814814 0.32578125 0.08148148148148147 0.32109375 0.08703703703703704 0.3208333333333333 0.09166666666666666 0.3231770833333333 0.09444444444444444
1 0.13880208333333333 0.3458333333333333 0.13619791666666664 0.3486111111111111 0.13671875 0.3555555555555555 0.14140625 0.36111111111111105 0.14427083333333332 0.3555555555555555 0.14270833333333333 0.35138888888888886 0.14322916666666666 0.3449074074074074 0.14401041666666664 0.3388888888888889 0.14609375 0.337037037037037 0.14817708333333332 0.324537037037037 0.14869791666666665 0.2884259259259259 0.15 0.2689814814814815 0.15130208333333334 0.2652777777777778 0.15052083333333333 0.2625 0.15104166666666666 0.2574074074074074 0.14921875 0.25416666666666665 0.14583333333333331 0.25370370370370365 0.14401041666666664 0.2509259259259259 0.13932291666666666 0.25509259259259254 0.14140625 0.26064814814814813 0.13932291666666666 0.262037037037037 0.14114583333333333 0.2625 0.14427083333333332 0.26805555555555555 0.14322916666666666 0.27175925925925926 0.14296875 0.2828703703703704 0.14166666666666666 0.28564814814814815 0.1421875 0.2949074074074074 0.13723958333333333 0.3069444444444444 0.13802083333333331 0.3106481481481481 0.13671875 0.3138888888888889 0.13958333333333334 0.33425925925925926 0.13880208333333333 0.3458333333333333
1 0.5557291666666666 0.14351851851851852 0.5544270833333333 0.19537037037037036 0.5526041666666666 0.20555555555555555 0.5447916666666666 0.3592592592592593 0.5450520833333333 0.37361111111111106 0.5466145833333333 0.37916666666666665 0.54921875 0.36527777777777776 0.5515625 0.36111111111111105 0.553125 0.3638888888888889 0.5546875 0.36296296296296293 0.55390625 0.36064814814814816 0.5549479166666667 0.3560185185185185 0.5544270833333333 0.33148148148148143 0.5552083333333333 0.3263888888888889 0.5541666666666666 0.32037037037037036 0.5552083333333333 0.30277777777777776 0.5567708333333333 0.2967592592592593 0.5567708333333333 0.2875 0.5578125 0.2833333333333333 0.5578125 0.2648148148148148 0.559375 0.2583333333333333 0.56015625 0.2185185185185185 0.5627604166666667 0.17222222222222222 0.5625 0.15046296296296297 0.5611979166666666 0.14583333333333331 0.5611979166666666 0.1398148148148148 0.5580729166666666 0.13472222222222222 0.5557291666666666 0.137037037037037 0.5565104166666666 0.14074074074074075 0.5557291666666666 0.14351851851851852
0 0.5817708333333333 0.6666666666666666 0.58203125 0.675 0.5794270833333333 0.6888888888888889 0.5791666666666666 0.7018518518518518 0.57734375 0.7152777777777778 0.5765625 0.7435185185185185 0.571875 0.7953703703703703 0.5721354166666666 0.799537037037037 0.5739583333333333 0.8013888888888889 0.5770833333333333 0.799074074074074 0.58046875 0.7828703703703703 0.5809895833333333 0.7467592592592592 0.5833333333333333 0.7208333333333333 0.5986979166666666 0.6277777777777778 0.6005208333333333 0.6175925925925926 0.60234375 0.6134259259259258 0.60390625 0.5962962962962963 0.6028645833333333 0.5916666666666666 0.6015625 0.5949074074074073 0.6013020833333333 0.6032407407407407 0.5953125 0.6254629629629629 0.5955729166666666 0.6296296296296295 0.5916666666666666 0.6347222222222222 0.5893229166666666 0.65 0.5875 0.6513888888888888 0.5848958333333333 0.65 0.58359375 0.6472222222222221 0.5825520833333333 0.6388888888888888 0.58125 0.6370370370370371 0.5799479166666666 0.6393518518518518 0.58046875 0.6615740740740741 0.5817708333333333 0.6666666666666666
0 0.5260416666666666 0.5458333333333333 0.5325520833333333 0.6416666666666666 0.5317708333333333 0.6768518518518518 0.5322916666666666 0.7657407407407406 0.5333333333333333 0.7680555555555555 0.53671875 0.7689814814814814 0.5377604166666666 0.7662037037037036 0.5377604166666666 0.6273148148148148 0.5393229166666667 0.6148148148148148 0.5424479166666666 0.6013888888888889 0.5411458333333333 0.5944444444444443 0.5364583333333333 0.5226851851851851 0.5291666666666666 0.5212962962962963 0.5286458333333333 0.5222222222222223 0.5309895833333333 0.5291666666666666 0.5294270833333333 0.5356481481481481 0.5260416666666666 0.5361111111111111 0.525 0.5435185185185185 0.5260416666666666 0.5458333333333333
0 0.011458333333333333 0.399537037037037 0.019010416666666665 0.40462962962962956 0.0234375 0.40370370370370373 0.024739583333333332 0.40092592592592585 0.02421875 0.39814814814814814 0.0265625 0.3851851851851852 0.03177083333333333 0.3763888888888889 0.031510416666666666 0.3712962962962963 0.0328125 0.3685185185185185 0.03177083333333333 0.3638888888888889 0.03229166666666666 0.3587962962962963 0.03098958333333333 0.3421296296296296 0.029427083333333333 0.3379629629629629 0.02682291666666666 0.3208333333333333 0.02578125 0.29398148148148145 0.02239583333333333 0.2893518518518518 0.013541666666666665 0.3134259259259259 0.01171875 0.3273148148148148 0.005989583333333333 0.3518518518518518 0.0075520833333333325 0.39444444444444443 0.011458333333333333 0.399537037037037
1 0.86484375 0.5222222222222223 0.8661458333333332 0.5324074074074073 0.8627604166666666 0.5537037037037036 0.8635416666666667 0.5555555555555556 0.8625 0.5597222222222222 0.86171875 0.5800925925925926 0.86015625 0.5847222222222223 0.8614583333333332 0.5875 0.86015625 0.5916666666666666 0.8669270833333332 0.5962962962962963 0.8703125 0.5953703703703703 0.8697916666666666 0.5939814814814814 0.875 0.5634259259259259 0.8768229166666666 0.5606481481481481 0.8734375 0.5537037037037036 0.8744791666666666 0.5504629629629629 0.8736979166666666 0.5467592592592593 0.87421875 0.5430555555555555 0.8763020833333333 0.5398148148148147 0.8760416666666666 0.5351851851851851 0.8770833333333332 0.5328703703703703 0.8778645833333332 0.487962962962963 0.8807291666666666 0.475 0.8817708333333332 0.41388888888888886 0.8802083333333333 0.40740740740740733 0.8807291666666666 0.40370370370370373 0.8794270833333332 0.3902777777777778 0.8768229166666666 0.3837962962962963 0.87890625 0.3486111111111111 0.878125 0.3458333333333333 0.8783854166666666 0.33425925925925926 0.8765625 0.3259259259259259 0.8752604166666667 0.3388888888888889 0.8747395833333332 0.36666666666666664 0.8765625 0.3837962962962963 0.8729166666666666 0.3902777777777778 0.8708333333333332 0.40740740740740733 0.8661458333333332 0.5157407407407407 0.86484375 0.5222222222222223