1 0.8083333333333332 0.04192708333333333 0.813425925925926 0.05390625 0.8324074074074075 0.08229166666666667 0.8347222222222221 0.08880208333333332 0.8476851851851851 0.10911458333333332 0.8486111111111111 0.11328125 0.8541666666666666 0.11927083333333333 0.8694444444444445 0.15911458333333334 0.8777777777777777 0.171875 0.8787037037037037 0.184375 0.8856481481481481 0.20104166666666665 0.8870370370370371 0.2098958333333333 0.899074074074074 0.23828125 0.9115740740740741 0.25859375 0.912962962962963 0.26875 0.9180555555555555 0.28229166666666666 0.9273148148148147 0.2997395833333333 0.9416666666666667 0.34140625 0.9425925925925925 0.3515625 0.9555555555555555 0.3864583333333333 0.9601851851851851 0.4111979166666666 0.9675925925925926 0.42447916666666663 0.9680555555555556 0.46015625 0.9824074074074074 0.6208333333333333 0.9842592592592592 0.6270833333333333 0.9837962962962962 0.6338541666666666 0.9907407407407407 0.6453125 0.9898148148148147 0.6481770833333333 0.986111111111111 0.6505208333333333 0.9828703703703703 0.6614583333333333 0.9847222222222222 0.67265625 0.9828703703703703 0.6752604166666666 0.9828703703703703 0.6822916666666666 0.9847222222222222 0.6846354166666666 0.9824074074074074 0.6890625 0.9842592592592592 0.7 0.9824074074074074 0.703125 0.9828703703703703 0.71015625 0.9851851851851852 0.7125 0.9837962962962962 0.7169270833333333 0.9888888888888887 0.7247395833333333 0.9930555555555556 0.7276041666666666 0.9935185185185185 0.7302083333333333 0.9888888888888887 0.7341145833333333 0.9875 0.7447916666666666 0.9819444444444445 0.7580729166666667 0.9791666666666666 0.7716145833333333 0.9782407407407406 0.7833333333333333 0.9763888888888888 0.7861979166666666 0.975925925925926 0.8018229166666666 0.9726851851851851 0.8106770833333332 0.9699074074074074 0.8533854166666666 0.9662037037037037 0.8658854166666666 0.9634259259259259 0.8869791666666667 0.9569444444444445 0.9078125 0.9532407407407406 0.9145833333333332 0.950925925925926 0.9278645833333332 0.9430555555555555 0.94921875 0.938425925925926 0.9565104166666666 0.924074074074074 0.9997395833333332 0.999537037037037 0.9997395833333332 0.999537037037037 0.4169270833333333 0.9962962962962962 0.4098958333333333 0.9949074074074075 0.3895833333333333 0.9879629629629629 0.35859375 0.9828703703703703 0.3497395833333333 0.9810185185185185 0.3416666666666667 0.9601851851851851 0.29765625 0.9560185185185185 0.2919270833333333 0.9481481481481481 0.27109375 0.9435185185185185 0.26510416666666664 0.9254629629629629 0.2294270833333333 0.923611111111111 0.2216145833333333 0.9115740740740741 0.19895833333333332 0.9046296296296296 0.1796875 0.8921296296296296 0.1609375 0.8865740740740741 0.14348958333333334 0.8282407407407406 0.051041666666666666 0.8175925925925925 0.03984375 0.8138888888888889 0.03359375 0.8060185185185185 0.03229166666666666 0.8041666666666666 0.03463541666666666 0.8037037037037036 0.03619791666666666 0.8083333333333332 0.04192708333333333
1 0.8064814814814815 0.203125 0.8171296296296295 0.22682291666666665 0.8203703703703702 0.2450520833333333 0.8314814814814815 0.26875 0.8430555555555556 0.31171875 0.8430555555555556 0.3505208333333333 0.8402777777777777 0.35572916666666665 0.8574074074074074 0.3807291666666667 0.8671296296296296 0.4075520833333333 0.8671296296296296 0.4153645833333333 0.8689814814814815 0.4184895833333333 0.875925925925926 0.4572916666666666 0.8796296296296295 0.4966145833333333 0.8819444444444444 0.50234375 0.8824074074074074 0.5278645833333333 0.8865740740740741 0.5646950520833334 0.8861111111111111 0.6627604166666666 0.888425925925926 0.6730033854166667 0.8842592592592592 0.7151041666666667 0.8768518518518518 0.7440104166666666 0.8703703703703702 0.7841145833333333 0.8712962962962962 0.7861979166666666 0.8768518518518518 0.78828125 0.8935185185185185 0.79140625 0.9342592592592591 0.7916666666666666 0.9453703703703702 0.78984375 0.9634259259259259 0.7908854166666666 0.9675925925925926 0.78984375 0.9703703703703702 0.7875 0.9712962962962962 0.7731770833333333 0.9703703703703702 0.7372395833333333 0.9657407407407407 0.73046875 0.9685185185185186 0.7278645833333333 0.9708333333333332 0.71953125 0.9694444444444444 0.6817708333333333 0.9675925925925926 0.6791666666666666 0.9592592592592591 0.5677083333333333 0.9513888888888887 0.5208333333333333 0.950925925925926 0.5010416666666666 0.9444444444444444 0.4807291666666666 0.9398148148148147 0.475 0.9435185185185185 0.4692708333333333 0.9412037037037037 0.4494791666666666 0.936574074074074 0.4346354166666666 0.9356481481481481 0.4247395833333333 0.9296296296296296 0.41015625 0.9259259259259259 0.390625 0.9194444444444445 0.36953125 0.9125 0.35546875 0.9078703703703702 0.33828125 0.9 0.3328125 0.8962962962962961 0.32526041666666666 0.8981481481481481 0.31901041666666663 0.8972222222222221 0.3104166666666667 0.8842592592592592 0.2684895833333333 0.875462962962963 0.2513020833333333 0.8703703703703702 0.23229166666666665 0.8592592592592592 0.21328125 0.8555555555555555 0.2036458333333333 0.85 0.19557291666666665 0.8412037037037037 0.1921875 0.8314814814814815 0.18203125 0.8106481481481481 0.18046875 0.8069444444444445 0.18072916666666666 0.8050925925925926 0.18203125 0.8041666666666666 0.19010416666666666 0.8064814814814815 0.203125
1 0.736574074074074 0.18020833333333333 0.7486111111111111 0.2263020833333333 0.7550925925925925 0.27109375 0.7560185185185185 0.2927083333333333 0.7606481481481481 0.31276041666666665 0.7620370370370371 0.3484375 0.7648148148148148 0.36484375 0.7634259259259258 0.40859375 0.7671296296296296 0.42421875 0.7694444444444444 0.50234375 0.7680555555555555 0.5944270833333333 0.7652777777777777 0.6127604166666666 0.7629629629629628 0.615625 0.7625 0.63203125 0.7601851851851851 0.6403645833333333 0.7606481481481481 0.6588541666666666 0.7564814814814814 0.6674479166666666 0.7513888888888889 0.7450520833333333 0.7481481481481481 0.76328125 0.749074074074074 0.76953125 0.7476851851851851 0.7729166666666666 0.75 0.7877604166666666 0.7467592592592592 0.8213541666666666 0.7504629629629629 0.8260416666666666 0.7615740740740741 0.8315104166666666 0.7685185185185185 0.8330729166666666 0.7824074074074073 0.83359375 0.7898148148148147 0.8328125 0.7921296296296296 0.8315104166666666 0.7935185185185185 0.8265625 0.8046296296296296 0.6625 0.8060185185185185 0.5294270833333333 0.8050925925925926 0.5083333333333333 0.8013888888888889 0.49088541666666663 0.8037037037037036 0.4385416666666666 0.7953703703703703 0.3942708333333333 0.7953703703703703 0.35885416666666664 0.7921296296296296 0.3299479166666667 0.7847222222222221 0.2986979166666667 0.7828703703703703 0.2723958333333333 0.7796296296296296 0.26510416666666664 0.7726851851851851 0.22760416666666666 0.7583333333333333 0.18098958333333331 0.7444444444444444 0.16171875 0.7388888888888888 0.15911458333333334 0.737037037037037 0.159375 0.735648148148148 0.16119791666666666 0.736574074074074 0.18020833333333333
1 0.5708333333333333 0.3309895833333333 0.5722222222222222 0.33541666666666664 0.5703703703703703 0.3390625 0.5773148148148148 0.34791666666666665 0.5768518518518518 0.3747395833333333 0.5740740740740741 0.3833333333333333 0.575 0.3875 0.5703703703703703 0.39401041666666664 0.5694444444444444 0.4419270833333333 0.5643518518518518 0.49609375 0.5583333333333333 0.5244791666666666 0.5587962962962962 0.5591145833333333 0.5555555555555556 0.5802083333333333 0.5523148148148148 0.5893229166666666 0.548611111111111 0.6502604166666666 0.5416666666666666 0.6755208333333333 0.5393518518518519 0.7153645833333333 0.5287037037037037 0.7674479166666666 0.5268518518518518 0.78515625 0.5208333333333333 0.80859375 0.5217592592592593 0.8145833333333332 0.5263888888888888 0.8177083333333333 0.5324074074074073 0.81953125 0.5435185185185185 0.81875 0.5541666666666666 0.815625 0.5587962962962962 0.8130208333333332 0.561574074074074 0.809375 0.5694444444444444 0.73504453125 0.5717592592592593 0.7270833333333333 0.5726851851851851 0.7046007812499999 0.5777777777777777 0.6791666666666666 0.5773148148148148 0.6744791666666666 0.5791666666666666 0.6729166666666666 0.5787037037037036 0.6638020833333333 0.5814814814814815 0.6609375 0.5819444444444444 0.6541666666666666 0.5856481481481481 0.6513020833333333 0.5953703703703703 0.6067708333333333 0.5953703703703703 0.5963541666666666 0.5902777777777778 0.5817708333333333 0.5898148148148148 0.5770833333333333 0.5916666666666666 0.57421875 0.5888888888888888 0.5697916666666666 0.5893518518518518 0.5630208333333333 0.5916666666666666 0.5606770833333333 0.5916666666666666 0.5520833333333333 0.5958333333333333 0.5502604166666666 0.5949074074074073 0.503125 0.5981481481481481 0.4703125 0.5986111111111111 0.4177083333333333 0.6018518518518519 0.3796875 0.6050925925925925 0.37057291666666664 0.6037037037037036 0.3494791666666667 0.6050925925925925 0.34088541666666666 0.6055555555555555 0.27890625 0.6083333333333333 0.25859375 0.6074074074074074 0.2411458333333333 0.610648148148148 0.22395833333333331 0.6087962962962963 0.2169270833333333 0.6013888888888889 0.2125 0.6023148148148147 0.209375 0.6004629629629629 0.20859375 0.599537037037037 0.2046875 0.5916666666666666 0.20442708333333331 0.5907407407407408 0.2067708333333333 0.5925925925925926 0.21015625 0.5893518518518518 0.2114583333333333 0.5875 0.21666666666666665 0.5814814814814815 0.2442708333333333 0.5796296296296296 0.26979166666666665 0.5745370370370371 0.2921875 0.5736111111111111 0.3203125 0.5708333333333333 0.3309895833333333
1 0.6902777777777778 0.22395833333333331 0.6930555555555555 0.2403645833333333 0.6930555555555555 0.25859375 0.7009259259259258 0.30546875 0.7013888888888888 0.3265625 0.712037037037037 0.39791666666666664 0.7143518518518518 0.4661458333333333 0.7180555555555556 0.496875 0.7180555555555556 0.5803820312499999 0.712037037037037 0.63515625 0.711111111111111 0.6625 0.7087962962962963 0.671875 0.7097222222222221 0.7176041666666666 0.7050925925925926 0.7466145833333333 0.7009259259259258 0.8177083333333333 0.6907407407407408 0.8822916666666666 0.6907407407407408 0.8880208333333333 0.6925925925925925 0.8911458333333332 0.7 0.8940104166666666 0.7078703703703704 0.8942708333333332 0.7175925925925926 0.8916666666666666 0.7217592592592592 0.8869791666666667 0.7287037037037036 0.80234375 0.7310185185185185 0.7127604166666666 0.7337962962962963 0.6971354166666666 0.736111111111111 0.6479166666666666 0.7379629629629629 0.5322916666666666 0.7351851851851852 0.45703125 0.7199074074074073 0.31328125 0.7097222222222221 0.27421875 0.7078703703703704 0.2466145833333333 0.7037037037037036 0.2270833333333333 0.6986111111111111 0.21432291666666664 0.6995370370370371 0.2098958333333333 0.6953703703703703 0.2020833333333333 0.6898148148148148 0.19765625 0.6875 0.19817708333333334 0.6847222222222221 0.20182291666666666 0.6851851851851851 0.21041666666666664 0.6902777777777778 0.22395833333333331
1 0.6550925925925926 0.49453125 0.6532407407407408 0.5403645833333333 0.6458333333333333 0.5986979166666666 0.6462962962962963 0.6171875 0.6356481481481481 0.7268229166666667 0.6370370370370371 0.7299479166666666 0.6398148148148148 0.7307291666666667 0.6458333333333333 0.7296875 0.6481481481481481 0.7270833333333333 0.6509259259259259 0.66796875 0.6587962962962963 0.5919270833333333 0.6634259259259259 0.5848958333333333 0.6634259259259259 0.5799479166666666 0.6657407407407407 0.578125 0.6629629629629629 0.5740885416666666 0.6615740740740741 0.54921875 0.6638888888888889 0.5002604166666667 0.6629629629629629 0.45424114583333336 0.6638888888888889 0.43619791666666663 0.6657407407407407 0.4309895833333333 0.6662037037037036 0.3763020833333333 0.6648148148148147 0.37369791666666663 0.6601851851851851 0.38671875 0.6564814814814814 0.4270833333333333 0.6564814814814814 0.4919270833333333 0.6550925925925926 0.49453125
1 0.8324074074074075 0.7606770833333333 0.8305555555555555 0.77578125 0.8351851851851851 0.778125 0.8416666666666666 0.7783854166666666 0.8439814814814814 0.7763020833333333 0.8546296296296296 0.67578125 0.8560185185185185 0.6265625 0.8601851851851852 0.58046875 0.8587962962962962 0.5690104166666666 0.8592592592592592 0.5075520833333333 0.8569444444444445 0.5020833333333333 0.8578703703703703 0.4953125 0.8560185185185185 0.48671875 0.8555555555555555 0.46354166666666663 0.8523148148148147 0.44453125 0.8476851851851851 0.459375 0.8472222222222221 0.4666666666666666 0.8407407407407407 0.6619791666666666 0.8375 0.67109375 0.836574074074074 0.684375 0.8347222222222221 0.6885416666666666 0.8310185185185185 0.7236979166666666 0.8300925925925926 0.7518229166666666 0.8324074074074075 0.7606770833333333
1 0.35509259259259257 0.4140625 0.3523148148148148 0.4294270833333333 0.34629629629629627 0.4424479166666666 0.3453703703703704 0.453125 0.3384259259259259 0.4763020833333333 0.3097222222222222 0.5432291666666667 0.3050925925925926 0.55625 0.3050925925925926 0.56171875 0.29907407407407405 0.5674479166666666 0.29398148148148145 0.58515625 0.2773148148148148 0.61953125 0.274537037037037 0.6309895833333333 0.2625 0.6572916666666666 0.24953703703703703 0.6809895833333333 0.2398148148148148 0.6942708333333333 0.23657407407407405 0.6963541666666666 0.23287037037037037 0.703125 0.2375 0.7203125 0.2444444444444444 0.7307291666666667 0.25231481481481477 0.7348958333333333 0.2722222222222222 0.74140625 0.2759259259259259 0.7408854166666666 0.27824074074074073 0.73828125 0.28425925925925927 0.7247395833333333 0.2944444444444444 0.7104166666666666 0.3138888888888889 0.6653645833333333 0.31805555555555554 0.65 0.3310185185185185 0.61953125 0.3333333333333333 0.6044270833333333 0.3625 0.5229166666666666 0.40740740740740733 0.3684895833333333 0.41759259259259257 0.3421875 0.4231481481481481 0.3182291666666667 0.4180555555555555 0.31276041666666665 0.4143518518518518 0.3125 0.40462962962962956 0.31640625 0.38657407407407407 0.3333333333333333 0.38101851851851853 0.3416666666666667 0.37037037037037035 0.3778645833333333 0.35509259259259257 0.4140625
1 0.10555555555555556 0.7234375 0.11574074074074074 0.72109375 0.13796296296296295 0.72265625 0.16342592592592592 0.7158854166666666 0.1759259259259259 0.7140625 0.18703703703703703 0.71015625 0.19305555555555554 0.7044270833333333 0.19722222222222222 0.6622395833333333 0.20601851851851852 0.63359375 0.21203703703703702 0.6013020833333333 0.2263888888888889 0.5640625 0.23564814814814813 0.5283854166666666 0.26620370370370366 0.4424479166666666 0.2824074074074074 0.41484375 0.28564814814814815 0.4125 0.2898148148148148 0.4114583333333333 0.29259259259259257 0.40104166666666663 0.29259259259259257 0.3905208333333333 0.2962962962962963 0.38697916666666665 0.3037037037037037 0.37421875 0.3097222222222222 0.3700520833333333 0.3125 0.3546875 0.31481481481481477 0.3528645833333333 0.3138888888888889 0.3513020833333333 0.30277777777777776 0.35546875 0.29722222222222217 0.3544270833333333 0.2935185185185185 0.3515625 0.2893518518518518 0.3533854166666667 0.28564814814814815 0.3536458333333333 0.2828703703703704 0.35182291666666665 0.2652777777777778 0.35026041666666663 0.2583333333333333 0.34453125 0.2513888888888889 0.35104166666666664 0.24305555555555552 0.3640625 0.2333333333333333 0.384375 0.23009259259259257 0.3973958333333333 0.22361111111111112 0.4080729166666666 0.2185185185185185 0.43229166666666663 0.20925925925925926 0.4484375 0.18194444444444444 0.5125 0.17314814814814813 0.5260416666666666 0.16898148148148145 0.5432291666666667 0.16296296296296295 0.5565104166666666 0.13194444444444445 0.6471354166666666 0.12731481481481483 0.6677083333333333 0.11388888888888889 0.6997395833333333 0.1074074074074074 0.7096354166666666 0.1037037037037037 0.7200520833333333 0.10555555555555556 0.7234375
1 0.0824074074074074 0.5013020833333333 0.08379629629629629 0.5122395833333333 0.07962962962962963 0.51484375 0.07314814814814814 0.5276041666666667 0.07129629629629629 0.534375 0.0736111111111111 0.5356770833333333 0.07824074074074074 0.5322916666666666 0.08796296296296295 0.5106770833333333 0.09259259259259259 0.50546875 0.12453703703703703 0.4466145833333333 0.13657407407407407 0.43229166666666663 0.15231481481481482 0.40885416666666663 0.1560185185185185 0.40078125 0.1824074074074074 0.3661458333333333 0.1925925925925926 0.3473958333333333 0.19444444444444445 0.33854166666666663 0.1925925925925926 0.3364583333333333 0.18518518518518517 0.3453125 0.17777777777777776 0.3591145833333333 0.17314814814814813 0.3625 0.16805555555555554 0.36953125 0.1662037037037037 0.3747395833333333 0.15833333333333333 0.38385416666666666 0.14675925925925926 0.39375 0.12361111111111109 0.425 0.11712962962962963 0.4390625 0.09861111111111111 0.4666666666666666 0.1 0.4703125 0.0875 0.48671875 0.08703703703703704 0.4924479166666666 0.0824074074074074 0.5013020833333333
1 0.16898148148148145 0.4239583333333333 0.17453703703703702 0.4216145833333333 0.18518518518518517 0.4114583333333333 0.1925925925925926 0.39921875 0.2208333333333333 0.33515625 0.22361111111111112 0.32526041666666666 0.22361111111111112 0.3208333333333333 0.2208333333333333 0.31796875 0.2134259259259259 0.32109375 0.20787037037037037 0.3278645833333333 0.16666666666666666 0.41796875 0.1662037037037037 0.4223958333333333 0.16898148148148145 0.4239583333333333
1 0 0.3221354166666667 0.00972222222222222 0.31796875 0.01388888888888889 0.3104166666666667 0.014351851851851852 0.30703125 0.012962962962962963 0.30625 0.0037037037037037034 0.3065104166666667 0 0.30729166666666663 0 0.3221354166666667
1 0.12638888888888888 0.20625 0.14259259259259258 0.2036458333333333 0.15046296296296297 0.20052083333333331 0.17685185185185184 0.18020833333333333 0.1912037037037037 0.17317708333333331 0.1925925925925926 0.16744791666666664 0.18796296296296294 0.16770833333333332 0.1787037037037037 0.16484375 0.17222222222222222 0.16770833333333332 0.1550925925925926 0.18203125 0.12407407407407407 0.20260416666666664 0.12407407407407407 0.2046875 0.12638888888888888 0.20625
1 0.03611111111111111 0.2763020833333333 0.04027777777777777 0.27447916666666666 0.05648148148148148 0.2747395833333333 0.06064814814814814 0.27265625 0.07453703703703704 0.2622395833333333 0.09305555555555554 0.2453125 0.09490740740740741 0.2411458333333333 0.09259259259259259 0.23958333333333331 0.08101851851851852 0.23697916666666666 0.06944444444444445 0.24244791666666665 0.0611111111111111 0.2518229166666667 0.04351851851851852 0.2635416666666667 0.034722222222222224 0.27369791666666665 0.03425925925925925 0.27578125 0.03611111111111111 0.2763020833333333
1 0.44490740740740736 0.5091145833333333 0.4458333333333333 0.5122395833333333 0.4527777777777778 0.5145833333333333 0.45555555555555555 0.50859375 0.4583333333333333 0.4817708333333333 0.4574074074074074 0.4669270833333333 0.4527777777777778 0.4651041666666666 0.45 0.4669270833333333 0.4462962962962963 0.48046875 0.44351851851851853 0.49765625 0.44490740740740736 0.5091145833333333
1 0.42453703703703705 0.6502604166666666 0.4217592592592593 0.6692708333333333 0.42037037037037034 0.6942708333333333 0.4171296296296296 0.7083333333333333 0.4185185185185185 0.7151041666666667 0.43194444444444446 0.7135416666666666 0.4337962962962963 0.7106770833333333 0.4412037037037037 0.6375 0.4564814814814815 0.5434895833333333 0.4532407407407407 0.5408854166666666 0.45138888888888884 0.534375 0.44259259259259254 0.5291666666666666 0.4393518518518518 0.5330729166666666 0.4375 0.5450520833333333 0.43194444444444446 0.5604166666666666 0.4291666666666666 0.5796875 0.4291666666666666 0.5815104166666666 0.43240740740740735 0.584375 0.43148148148148147 0.5966145833333333 0.42453703703703705 0.62734375 0.4217592592592593 0.6330729166666667 0.4268518518518518 0.6447916666666667 0.42453703703703705 0.6502604166666666
1 0.3833333333333333 0.6356770833333333 0.387037037037037 0.6356770833333333 0.39305555555555555 0.6299479166666666 0.3972222222222222 0.6166666666666666 0.4 0.5958333333333333 0.4083333333333333 0.5614583333333333 0.4101851851851851 0.5361979166666666 0.41342592592592586 0.5294270833333333 0.4148148148148148 0.5018229166666666 0.4111111111111111 0.5057291666666666 0.40694444444444444 0.5247395833333333 0.40046296296296297 0.5424479166666666 0.3851851851851852 0.61796875 0.3828703703703703 0.6229166666666666 0.3814814814814814 0.63359375 0.3833333333333333 0.6356770833333333