1 0.8078125 0.5359375 0.8125 0.546875 0.8140625 0.5890625 0.815625 0.5953125 0.8234375 0.5984375 0.825 0.60625 0.8203125 0.6125 0.8015625 0.615625 0.7921875 0.625 0.7890625 0.63125 0.7875 0.6515625 0.7859375 0.6515625 0.7875 0.625 0.78125 0.6078125 0.78125 0.590625 0.7734375 0.5828125 0.7734375 0.575 0.7796875 0.575 0.7828125 0.571875 0.7859375 0.5640625 0.7859375 0.5546875 0.79375 0.5390625 0.803125 0.534375 0.80625 0.5359375
1 0.828125 0 0.8328125 0 0.834375 0.003125 0.8359375 0.0875 0.8375 0.0890625 0.8359375 0.0953125 0.8359375 0.11875 0.8375 0.1203125 0.8359375 0.121875 0.8359375 0.228125 0.834375 0.2296875 0.834375 0.2890625 0.8328125 0.290625 0.834375 0.3109375 0.8328125 0.3125 0.83125 0.3609375 0.8296875 0.3625 0.828125 0.4546875 0.825 0.48125 0.8265625 0.50625 0.821875 0.5296875 0.8171875 0.5328125 0.8140625 0.5328125 0.8125 0.5296875 0.815625 0.475 0.8171875 0.4734375 0.8171875 0.4390625 0.8234375 0.3734375 0.8234375 0.3359375 0.825 0.334375 0.825 0.296875 0.8265625 0.2953125 0.825 0.290625 0.8265625 0.2890625 0.8265625 0.2390625 0.828125 0.2375 0.828125 0.103125 0.8296875 0.1015625 0.828125 0.046875 0.8265625 0.0453125 0.828125 0.0015625
1 0.6046875 0 0.6125 0 0.6125 0.028125 0.6078125 0.0609375 0.60625 0.11875 0.603125 0.1296875 0.603125 0.1578125 0.6015625 0.159375 0.603125 0.16875 0.6 0.1796875 0.6 0.215625 0.596875 0.2296875 0.5953125 0.275 0.5921875 0.296875 0.59375 0.3109375 0.5890625 0.3390625 0.5875 0.4125 0.58125 0.446875 0.58125 0.4734375 0.5796875 0.475 0.571875 0.4734375 0.575 0.3984375 0.58125 0.3453125 0.584375 0.25625 0.5890625 0.2203125 0.5875 0.21875 0.5875 0.1921875 0.5953125 0.14375 0.596875 0.096875 0.6015625 0.06875 0.6015625 0.0421875 0.6046875 0.028125 0.603125 0.01875 0.6046875 0.0171875 0.603125 0.0125 0.6046875 0.0015625
1 0.540625 0.503125 0.54375 0.5125 0.55 0.5203125 0.5515625 0.528125 0.5578125 0.5328125 0.5578125 0.559375 0.55625 0.56875 0.5515625 0.578125 0.5515625 0.584375 0.55625 0.5875 0.55625 0.596875 0.5546875 0.5984375 0.546875 0.596875 0.54375 0.6 0.54375 0.65 0.540625 0.65 0.5390625 0.640625 0.5359375 0.6359375 0.5390625 0.63125 0.5390625 0.621875 0.5359375 0.6171875 0.5265625 0.6265625 0.521875 0.6234375 0.5125 0.6234375 0.509375 0.61875 0.509375 0.609375 0.515625 0.6 0.521875 0.5921875 0.534375 0.5859375 0.5296875 0.578125 0.5296875 0.5625 0.525 0.55 0.525 0.5421875 0.528125 0.5375 0.5375 0.5328125 0.5375 0.5265625 0.5296875 0.51875 0.5296875 0.509375 0.5390625 0.5046875
1 0.7 0.609375 0.70625 0.6046875 0.7109375 0.596875 0.7109375 0.5890625 0.70625 0.58125 0.7046875 0.571875 0.7125 0.5640625 0.7140625 0.55625 0.7203125 0.553125 0.7234375 0.5484375 0.7234375 0.5421875 0.7203125 0.5375 0.7203125 0.525 0.7296875 0.515625 0.7328125 0.50625 0.7375 0.50625 0.740625 0.515625 0.7375 0.5296875 0.7390625 0.5359375 0.746875 0.54375 0.7453125 0.5609375 0.7546875 0.58125 0.7515625 0.5875 0.7515625 0.5953125 0.74375 0.6078125 0.7453125 0.6265625 0.740625 0.628125 0.7359375 0.6375 0.728125 0.6421875 0.725 0.65 0.7203125 0.6421875 0.715625 0.64375 0.709375 0.640625 0.7 0.63125 0.7 0.6109375
1 0.678125 0 0.6859375 0 0.6875 0.0125 0.6859375 0.0140625 0.6859375 0.0578125 0.684375 0.059375 0.6859375 0.1234375 0.684375 0.125 0.68125 0.1921875 0.6796875 0.19375 0.6796875 0.2546875 0.6765625 0.271875 0.6703125 0.378125 0.665625 0.4046875 0.665625 0.4328125 0.6609375 0.465625 0.6609375 0.4890625 0.6578125 0.496875 0.6578125 0.5078125 0.653125 0.509375 0.6484375 0.5046875 0.6484375 0.48125 0.653125 0.4546875 0.6546875 0.4109375 0.6578125 0.4015625 0.6609375 0.3296875 0.665625 0.290625 0.6640625 0.2859375 0.6671875 0.2734375 0.66875 0.23125 0.6703125 0.2296875 0.6703125 0.1875 0.671875 0.1859375 0.675 0.1 0.6765625 0.0984375 0.675 0.0609375 0.6765625 0.059375 0.678125 0.0015625
1 0.978125 0.671875 0.984375 0.68125 0.9875 0.6953125 0.9953125 0.7109375 0.9984375 0.725 0.9984375 0.7546875 0.9953125 0.7609375 0.9859375 0.7609375 0.971875 0.7671875 0.9671875 0.7796875 0.965625 0.8 0.9625 0.8046875 0.959375 0.81875 0.9578125 0.8171875 0.959375 0.790625 0.9640625 0.7703125 0.9609375 0.7015625 0.96875 0.675 0.9765625 0.671875
1 0.5015625 0 0.509375 0 0.509375 0.0015625 0.50625 0.009375 0.5015625 0.1625 0.4984375 0.178125 0.5 0.184375 0.4984375 0.2046875 0.5 0.20625 0.496875 0.215625 0.5 0.2328125 0.5 0.2515625 0.4953125 0.28125 0.49375 0.321875 0.4859375 0.3859375 0.4859375 0.4109375 0.4828125 0.425 0.48125 0.459375 0.4796875 0.4609375 0.471875 0.459375 0.475 0.40625 0.4765625 0.4046875 0.4765625 0.3734375 0.48125 0.3453125 0.48125 0.3125 0.484375 0.303125 0.484375 0.2765625 0.4890625 0.246875 0.490625 0.1671875 0.49375 0.1484375 0.49375 0.1109375 0.496875 0.0953125 0.496875 0.0578125 0.5015625 0.0234375 0.5015625 0.0015625
1 0.6546875 0 0.65625 0.00625 0.6546875 0.0703125 0.65625 0.0734375 0.6546875 0.075 0.653125 0.1625 0.6515625 0.1640625 0.6515625 0.24375 0.653125 0.2453125 0.6515625 0.3390625 0.6484375 0.36875 0.65 0.375 0.646875 0.403125 0.6453125 0.46875 0.64375 0.48125 0.6421875 0.4828125 0.6390625 0.48125 0.6390625 0.4640625 0.640625 0.4625 0.6390625 0.4328125 0.6421875 0.4109375 0.6421875 0.3671875 0.6453125 0.3359375 0.64375 0.2734375 0.646875 0.2515625 0.64375 0.2375 0.6453125 0.23125 0.64375 0.228125 0.6453125 0.2234375 0.64375 0.221875 0.6453125 0.2171875 0.64375 0.215625 0.64375 0.19375 0.646875 0.184375 0.646875 0.1484375 0.6484375 0.146875 0.6484375 0.090625 0.646875 0.0859375 0.65 0.078125 0.6515625 0.0234375 0.6546875 0.0015625
1 0.81953125 0.93046875 0.04609375 0.13828125
1 0.4609375 0 0.4703125 0 0.4703125 0.0140625 0.4671875 0.03125 0.4640625 0.1109375 0.4578125 0.159375 0.4578125 0.190625 0.4515625 0.2453125 0.453125 0.246875 0.453125 0.2640625 0.45 0.2875 0.4484375 0.3421875 0.4453125 0.3546875 0.4421875 0.3546875 0.4359375 0.35 0.434375 0.3390625 0.434375 0.303125 0.4359375 0.3015625 0.4375 0.259375 0.440625 0.2484375 0.440625 0.215625 0.4453125 0.19375 0.4453125 0.1578125 0.4484375 0.14375 0.45 0.1 0.45625 0.0609375 0.45625 0.0328125 0.459375 0.021875 0.459375 0.003125 0.4609375 0.0015625
1 0.0125 0 0.025 0 0.021875 0.05 0.015625 0.0703125 0.015625 0.115625 0.0125 0.140625 0.0125 0.1671875 0.0109375 0.16875 0.0125 0.1703125 0.0125 0.1859375 0.009375 0.1953125 0.009375 0.215625 0.00625 0.2203125 0.00625 0.240625 0.0078125 0.2421875 0.00625 0.24375 0.0078125 0.2484375 0.00625 0.25 0.00625 0.265625 0.0078125 0.2671875 0.00625 0.2828125 0.0078125 0.3015625 0.00625 0.3046875 0.009375 0.321875 0.0046875 0.35625 0 0.35625 0 0.2390625 0.003125 0.2375 0.003125 0.225 0 0.2234375 0 0.1046875 0.003125 0.103125 0.003125 0.046875 0.00625 0.04375 0.0078125 0.0078125 0.0125 0.0015625
1 0.3765625 0 0.38125 0 0.38125 0.0546875 0.378125 0.0765625 0.378125 0.1015625 0.3796875 0.103125 0.378125 0.1484375 0.3765625 0.15 0.378125 0.1609375 0.3734375 0.184375 0.375 0.1875 0.3734375 0.253125 0.3703125 0.2765625 0.3703125 0.328125 0.36875 0.3296875 0.3703125 0.390625 0.3671875 0.396875 0.3671875 0.4125 0.365625 0.415625 0.359375 0.4125 0.3625 0.271875 0.365625 0.2546875 0.3671875 0.171875 0.3703125 0.1578125 0.36875 0.1390625 0.371875 0.1140625 0.3734375 0.0640625 0.375 0.0625 0.375 0.0296875 0.371875 0.0265625 0.375 0.0234375 0.378125 0.0109375 0.3765625 0.0015625
1 0.8203125 0.8625 0.825 0.8609375 0.834375 0.8703125 0.8359375 0.875 0.8375 0.921875 0.834375 0.928125 0.8359375 0.9390625 0.834375 0.9640625 0.8375 0.978125 0.8421875 0.9875 0.8421875 0.996875 0.840625 0.9984375 0.7953125 0.9984375 0.79375 0.996875 0.7640625 0.9984375 0.7625 0.996875 0.7625 0.990625 0.76875 0.9796875 0.7828125 0.984375 0.7890625 0.9921875 0.7921875 0.990625 0.7984375 0.9796875 0.8015625 0.965625 0.796875 0.93125 0.7984375 0.9078125 0.8046875 0.8984375 0.8078125 0.8703125 0.8203125 0.8640625
1 0.5296875 0 0.5328125 0 0.5328125 0.034375 0.528125 0.084375 0.528125 0.14375 0.5234375 0.1859375 0.525 0.19375 0.5234375 0.2234375 0.5203125 0.234375 0.51875 0.2828125 0.5171875 0.284375 0.5171875 0.3015625 0.51875 0.303125 0.5171875 0.321875 0.51875 0.325 0.5140625 0.33125 0.5109375 0.35625 0.5125 0.3578125 0.5109375 0.3671875 0.5125 0.3765625 0.509375 0.3921875 0.5078125 0.4390625 0.50625 0.4453125 0.5015625 0.4453125 0.5 0.4421875 0.503125 0.353125 0.509375 0.2859375 0.509375 0.24375 0.5140625 0.2265625 0.5140625 0.2078125 0.51875 0.1796875 0.51875 0.15 0.521875 0.134375 0.5203125 0.1234375 0.525 0.084375 0.5265625 0.0359375 0.5234375 0.0265625 0.5234375 0.0171875 0.5296875 0.0078125 0.5296875 0.0015625
1 0.85625 0.94375 0.86875 0.946875 0.8765625 0.95625 0.8765625 0.9859375 0.878125 0.9875 0.8765625 0.9984375 0.8484375 0.9984375 0.846875 0.996875 0.8453125 0.990625 0.846875 0.9609375 0.85625 0.9453125
1 0.95625 0.2578125 0.959375 0.259375 0.9640625 0.2734375 0.9734375 0.2828125 0.9765625 0.2890625 0.9796875 0.3109375 0.9796875 0.325 0.9734375 0.3375 0.975 0.3625 0.9734375 0.371875 0.96875 0.38125 0.96875 0.3859375 0.9734375 0.390625 0.9796875 0.4046875 0.9796875 0.4125 0.96875 0.4359375 0.9703125 0.4484375 0.96875 0.4609375 0.971875 0.4703125 0.96875 0.4921875 0.96875 0.503125 0.971875 0.5109375 0.96875 0.51875 0.971875 0.5234375 0.971875 0.5296875 0.9796875 0.5421875 0.9828125 0.5625 0.9890625 0.575 0.9875 0.58125 0.990625 0.5859375 0.9921875 0.6234375 0.9984375 0.634375 0.9984375 0.6640625 0.9953125 0.66875 0.9875 0.671875 0.98125 0.6796875 0.9828125 0.690625 0.978125 0.6953125 0.978125 0.7 0.9875 0.7046875 0.9875 0.7171875 0.98125 0.7203125 0.9703125 0.71875 0.9671875 0.7234375 0.9578125 0.70625 0.9421875 0.7046875 0.9375 0.709375 0.934375 0.7203125 0.934375 0.73125 0.93125 0.7390625 0.93125 0.7625 0.928125 0.76875 0.928125 0.7765625 0.9234375 0.7828125 0.9203125 0.7828125 0.921875 0.7453125 0.9171875 0.7375 0.9234375 0.7296875 0.9234375 0.7203125 0.921875 0.71875 0.9171875 0.728125 0.9125 0.73125 0.9125 0.7375 0.9046875 0.75 0.903125 0.765625 0.9 0.76875 0.890625 0.7671875 0.8796875 0.7453125 0.88125 0.734375 0.878125 0.728125 0.878125 0.7203125 0.88125 0.7171875 0.8828125 0.6953125 0.8859375 0.6875 0.8859375 0.6765625 0.8765625 0.665625 0.871875 0.665625 0.865625 0.6609375 0.859375 0.6484375 0.85 0.6453125 0.846875 0.615625 0.85 0.603125 0.853125 0.6 0.8640625 0.5984375 0.8671875 0.5953125 0.86875 0.5828125 0.878125 0.5796875 0.8890625 0.5609375 0.8984375 0.559375 0.903125 0.55 0.9125 0.5390625 0.903125 0.5 0.9046875 0.4828125 0.9140625 0.465625 0.915625 0.4546875 0.9140625 0.4359375 0.928125 0.4171875 0.9359375 0.415625 0.9390625 0.390625 0.9390625 0.378125 0.9296875 0.3671875 0.9265625 0.359375 0.9234375 0.3578125 0.915625 0.334375 0.9171875 0.3296875 0.915625 0.3171875 0.9171875 0.315625 0.9171875 0.284375 0.9140625 0.275 0.925 0.259375 0.9296875 0.265625 0.9375 0.2875 0.9421875 0.2890625 0.9453125 0.28125 0.946875 0.265625 0.9453125 0.2625 0.95 0.2578125 0.9546875 0.2578125
1 0.25 0 0.25625 0 0.25625 0.028125 0.253125 0.03125 0.2515625 0.0421875 0.253125 0.0515625 0.25 0.0578125 0.25 0.0859375 0.246875 0.1015625 0.246875 0.125 0.2421875 0.1515625 0.2375 0.24375 0.234375 0.2546875 0.2359375 0.2640625 0.2328125 0.2734375 0.2359375 0.290625 0.2328125 0.2984375 0.23125 0.3140625 0.2328125 0.3359375 0.2296875 0.3390625 0.225 0.3390625 0.221875 0.31875 0.221875 0.2703125 0.2265625 0.25625 0.228125 0.228125 0.23125 0.2203125 0.2328125 0.175 0.2359375 0.1640625 0.2359375 0.14375 0.24375 0.0875 0.24375 0.0234375 0.2453125 0.0140625 0.25 0.0078125 0.25 0.0015625
1 0.803125 0 0.8078125 0 0.809375 0.003125 0.809375 0.0625 0.8109375 0.0640625 0.809375 0.265625 0.8109375 0.2671875 0.8109375 0.2859375 0.809375 0.2875 0.809375 0.325 0.80625 0.34375 0.80625 0.3953125 0.8015625 0.4234375 0.803125 0.4359375 0.8 0.4453125 0.803125 0.4609375 0.8 0.4671875 0.8 0.4796875 0.796875 0.4875 0.796875 0.5109375 0.79375 0.5296875 0.7921875 0.5328125 0.7859375 0.5328125 0.784375 0.5296875 0.784375 0.5125 0.7875 0.5 0.7875 0.459375 0.790625 0.446875 0.7890625 0.4359375 0.7921875 0.425 0.7921875 0.3875 0.79375 0.3859375 0.7921875 0.3765625 0.7953125 0.3546875 0.7953125 0.2953125 0.8 0.265625 0.7984375 0.21875 0.8015625 0.1921875 0.8 0.1734375 0.8015625 0.171875 0.8015625 0.128125 0.803125 0.1265625 0.8015625 0.1203125 0.803125 0.115625 0.8015625 0.0046875 0.803125 0.0015625
1 0.0734375 0 0.08125 0 0.08125 0.015625 0.0765625 0.046875 0.075 0.0890625 0.071875 0.1 0.071875 0.1234375 0.06875 0.1328125 0.06875 0.184375 0.065625 0.2171875 0.0671875 0.228125 0.0625 0.2640625 0.0640625 0.278125 0.0625 0.3140625 0.0609375 0.3234375 0.05625 0.3265625 0.0546875 0.334375 0.05625 0.3375 0.0515625 0.340625 0.05 0.371875 0.046875 0.3734375 0.0421875 0.3671875 0.0421875 0.3453125 0.04375 0.34375 0.0421875 0.2890625 0.046875 0.2796875 0.046875 0.25 0.0515625 0.2234375 0.05 0.2109375 0.053125 0.203125 0.053125 0.16875 0.05625 0.15625 0.0546875 0.140625 0.05625 0.1390625 0.05625 0.1234375 0.059375 0.115625 0.059375 0.103125 0.0640625 0.0859375 0.065625 0.05 0.0734375 0.0015625
1 0.9546875 0.25625 0.959375 0.259375 0.965625 0.275 0.978125 0.2890625 0.978125 0.30625 0.98125 0.3140625 0.98125 0.3234375 0.975 0.3375 0.975 0.3640625 0.96875 0.38125 0.96875 0.3875 0.9765625 0.396875 0.9796875 0.4078125 0.975 0.4203125 0.9703125 0.425 0.96875 0.4328125 0.965625 0.4359375 0.9609375 0.434375 0.959375 0.4359375 0.959375 0.4390625 0.9640625 0.4421875 0.9671875 0.4484375 0.9671875 0.4609375 0.971875 0.4703125 0.96875 0.4765625 0.9671875 0.4953125 0.9640625 0.4953125 0.959375 0.5015625 0.9578125 0.5125 0.959375 0.5265625 0.9546875 0.534375 0.95625 0.5390625 0.9546875 0.553125 0.9609375 0.55625 0.9609375 0.5609375 0.959375 0.56875 0.95 0.5765625 0.9484375 0.59375 0.9515625 0.6 0.9515625 0.60625 0.9484375 0.609375 0.95 0.6234375 0.9484375 0.6296875 0.9453125 0.63125 0.9453125 0.6359375 0.9515625 0.6421875 0.946875 0.6546875 0.95 0.6578125 0.946875 0.6609375 0.95 0.6640625 0.965625 0.6671875 0.95625 0.671875 0.953125 0.6703125 0.9421875 0.675 0.946875 0.678125 0.9484375 0.6859375 0.946875 0.69375 0.94375 0.6921875 0.9421875 0.6859375 0.9390625 0.6875 0.934375 0.7 0.9265625 0.778125 0.9234375 0.7828125 0.9203125 0.7828125 0.9203125 0.7671875 0.928125 0.703125 0.9265625 0.6828125 0.9296875 0.6734375 0.9328125 0.6484375 0.9328125 0.625 0.9359375 0.6109375 0.93125 0.5921875 0.9328125 0.5875 0.9375 0.584375 0.9390625 0.578125 0.9390625 0.5640625 0.9359375 0.5609375 0.934375 0.553125 0.940625 0.5453125 0.940625 0.540625 0.9296875 0.5265625 0.93125 0.5234375 0.9296875 0.5125 0.925 0.5078125 0.9140625 0.5046875 0.9125 0.490625 0.909375 0.484375 0.9140625 0.46875 0.91875 0.4625 0.9140625 0.4390625 0.915625 0.434375 0.928125 0.41875 0.9359375 0.421875 0.940625 0.415625 0.9390625 0.4140625 0.940625 0.3796875 0.921875 0.3546875 0.915625 0.3359375 0.915625 0.3015625 0.9171875 0.3 0.915625 0.275 0.9203125 0.2640625 0.925 0.259375 0.928125 0.2609375 0.93125 0.2828125 0.9421875 0.29375 0.946875 0.2890625 0.9453125 0.2625 0.9484375 0.2578125 0.953125 0.25625
1 0.0921875 0.29907407407407405 0.090625 0.31111111111111106 0.09192708333333333 0.3134259259259259 0.09296875 0.3106481481481481 0.0921875 0.2967592592592593 0.0953125 0.28703703703703703 0.09505208333333333 0.2824074074074074 0.09661458333333332 0.2791666666666667 0.09505208333333333 0.2759259259259259 0.09557291666666666 0.2722222222222222 0.09192708333333333 0.26944444444444443 0.09036458333333333 0.2810185185185185 0.09036458333333333 0.2935185185185185 0.0921875 0.29907407407407405
1 0.09557291666666666 0.1787037037037037 0.09661458333333332 0.18194444444444444 0.09557291666666666 0.18888888888888888 0.09739583333333332 0.1925925925925926 0.09453125 0.20277777777777778 0.09479166666666666 0.21388888888888888 0.09244791666666666 0.23009259259259257 0.09322916666666667 0.23564814814814813 0.09140625 0.24814814814814815 0.09192708333333333 0.25509259259259254 0.09635416666666666 0.2513888888888889 0.09661458333333332 0.22685185185185186 0.09765625 0.21712962962962962 0.1 0.21018518518518517 0.09947916666666666 0.19212962962962962 0.10104166666666665 0.18287037037037035 0.10130208333333332 0.1611111111111111 0.10286458333333333 0.15185185185185185 0.1078125 0.08796296296296295 0.10963541666666665 0.07824074074074074 0.11015625 0.06435185185185185 0.11458333333333333 0.033796296296296297 0.1171875 0 0.1140625 0 0.11432291666666665 0.005555555555555555 0.11276041666666665 0.008796296296296297 0.1109375 0.02638888888888889 0.10859375 0.03425925925925925 0.10859375 0.046296296296296294 0.10520833333333332 0.0662037037037037 0.10364583333333333 0.09212962962962963 0.0984375 0.1324074074074074 0.0984375 0.14351851851851852 0.09583333333333333 0.15740740740740738 0.09765625 0.17175925925925925 0.09557291666666666 0.1787037037037037
1 0.15651041666666665 0.2828703703703704 0.15390625 0.29768518518518516 0.15442708333333333 0.3106481481481481 0.15260416666666665 0.31481481481481477 0.15494791666666666 0.32175925925925924 0.15390625 0.325 0.15078125 0.3277777777777778 0.15416666666666665 0.33148148148148143 0.15208333333333332 0.3412037037037037 0.15364583333333331 0.3504629629629629 0.15260416666666665 0.3555555555555555 0.1515625 0.3763888888888889 0.15234375 0.3828703703703703 0.1546875 0.387037037037037 0.15338541666666666 0.3898148148148148 0.15416666666666665 0.39120370370370366 0.15677083333333333 0.3902777777777778 0.15833333333333333 0.387037037037037 0.15911458333333334 0.3814814814814814 0.15885416666666666 0.36527777777777776 0.16041666666666665 0.3592592592592593 0.16067708333333333 0.3472222222222222 0.16171875 0.3453703703703704 0.16119791666666666 0.34305555555555556 0.1625 0.34074074074074073 0.16484375 0.3421296296296296 0.16328125 0.3398148148148148 0.16328125 0.3379629629629629 0.16536458333333331 0.33518518518518514 0.16380208333333332 0.33055555555555555 0.16484375 0.3277777777777778 0.16041666666666665 0.3208333333333333 0.16041666666666665 0.3087962962962963 0.16145833333333331 0.3037037037037037 0.16067708333333333 0.2986111111111111 0.16276041666666666 0.28425925925925927 0.1640625 0.24722222222222218 0.16510416666666666 0.2444444444444444 0.1640625 0.24027777777777776 0.165625 0.23055555555555554 0.16614583333333333 0.21574074074074073 0.16848958333333333 0.2074074074074074 0.16901041666666666 0.18796296296296294 0.171875 0.16157407407407406 0.17213541666666665 0.14537037037037037 0.17395833333333333 0.13333333333333333 0.17526041666666664 0.13055555555555556 0.17395833333333333 0.11851851851851851 0.178125 0.08009259259259259 0.18229166666666666 0.0662037037037037 0.18229166666666666 0.05601851851851851 0.18411458333333333 0.0537037037037037 0.18411458333333333 0.043055555555555555 0.18255208333333334 0.04074074074074074 0.18229166666666666 0.035648148148148144 0.18619791666666666 0.029166666666666664 0.18802083333333333 0 0.18307291666666664 0 0.17994791666666665 0.02824074074074074 0.17734375 0.03611111111111111 0.178125 0.03981481481481482 0.17708333333333331 0.04675925925925926 0.17526041666666664 0.050925925925925916 0.17213541666666665 0.09537037037037036 0.16640625 0.12962962962962962 0.16380208333333332 0.18194444444444444 0.16223958333333333 0.19583333333333333 0.15989583333333332 0.20324074074074075 0.15963541666666664 0.2208333333333333 0.1609375 0.2310185185185185 0.15911458333333334 0.2398148148148148 0.15859375 0.2569444444444444 0.1546875 0.2689814814814815 0.15598958333333332 0.27175925925925926 0.15651041666666665 0.2828703703703704
1 0.1875 0.3662037037037037 0.18802083333333333 0.37777777777777777 0.18723958333333332 0.399537037037037 0.18515625 0.412962962962963 0.18463541666666666 0.4287037037037037 0.18541666666666665 0.4305555555555555 0.18828125 0.4305555555555555 0.19322916666666665 0.4189814814814815 0.19322916666666665 0.375 0.1921875 0.3662037037037037 0.19427083333333334 0.3592592592592593 0.19453125 0.33425925925925926 0.2 0.324537037037037 0.19869791666666664 0.3101851851851852 0.2 0.3037037037037037 0.19921875 0.2962962962962963 0.20104166666666665 0.24814814814814815 0.20104166666666665 0.21527777777777776 0.203125 0.19629629629629627 0.20859375 0.10555555555555556 0.2109375 0.09166666666666666 0.2130208333333333 0.06435185185185185 0.2125 0.05416666666666666 0.2169270833333333 0.016203703703703703 0.2177083333333333 0 0.2140625 0 0.2145833333333333 0.005092592592592592 0.2130208333333333 0.008333333333333333 0.21171875 0.02638888888888889 0.2078125 0.0537037037037037 0.20703125 0.06342592592592591 0.2078125 0.075 0.2067708333333333 0.07777777777777777 0.20416666666666666 0.10185185185185183 0.2036458333333333 0.1199074074074074 0.2013020833333333 0.137037037037037 0.20104166666666665 0.15787037037037038 0.19817708333333334 0.17777777777777776 0.196875 0.20694444444444443 0.1953125 0.21435185185185185 0.19401041666666666 0.23055555555555554 0.19557291666666665 0.23657407407407405 0.19557291666666665 0.24166666666666664 0.19505208333333332 0.25046296296296294 0.19270833333333331 0.2583333333333333 0.19401041666666666 0.26805555555555555 0.19375 0.28009259259259256 0.1921875 0.29212962962962963 0.19296875 0.2962962962962963 0.1921875 0.3069444444444444 0.19348958333333333 0.3101851851851852 0.19244791666666666 0.3138888888888889 0.19322916666666665 0.31759259259259254 0.18880208333333331 0.324537037037037 0.18671875 0.34814814814814815 0.18645833333333334 0.36296296296296293 0.1875 0.3662037037037037
1 0.2872395833333333 0.19907407407407407 0.2880208333333333 0.20324074074074075 0.28776041666666663 0.21712962962962962 0.2856770833333333 0.23379629629629628 0.2848958333333333 0.27037037037037037 0.2869791666666667 0.28657407407407404 0.2848958333333333 0.3069444444444444 0.284375 0.3296296296296296 0.28229166666666666 0.3412037037037037 0.2828125 0.3453703703703704 0.28203125 0.34953703703703703 0.2830729166666667 0.3587962962962963 0.28072916666666664 0.36527777777777776 0.28151041666666665 0.3902777777777778 0.2830729166666667 0.3972222222222222 0.2859375 0.399537037037037 0.2875 0.39675925925925926 0.2908854166666667 0.37916666666666665 0.2919270833333333 0.3680555555555555 0.2911458333333333 0.3532407407407407 0.29166666666666663 0.3416666666666667 0.2950520833333333 0.325 0.2953125 0.3097222222222222 0.296875 0.3 0.2958333333333333 0.29166666666666663 0.296875 0.2759259259259259 0.29557291666666663 0.26944444444444443 0.2966145833333333 0.2513888888888889 0.29557291666666663 0.24722222222222218 0.2966145833333333 0.2444444444444444 0.2958333333333333 0.24212962962962964 0.2958333333333333 0.2375 0.296875 0.2347222222222222 0.29635416666666664 0.2273148148148148 0.2984375 0.21990740740740738 0.2989583333333333 0.2134259259259259 0.2981770833333333 0.21064814814814814 0.2986979166666667 0.20601851851851852 0.29713541666666665 0.2009259259259259 0.2973958333333333 0.18101851851851852 0.2966145833333333 0.17824074074074073 0.29791666666666666 0.17037037037037037 0.2989583333333333 0.13472222222222222 0.30078125 0.12314814814814815 0.3005208333333333 0.10555555555555556 0.3015625 0.0875 0.3036458333333333 0.07175925925925926 0.3044270833333333 0.04675925925925926 0.3075520833333333 0.02222222222222222 0.30703125 0.014351851851851852 0.30572916666666666 0.015277777777777776 0.30494791666666665 0.01990740740740741 0.30338541666666663 0.02222222222222222 0.3020833333333333 0.032407407407407406 0.3020833333333333 0.04444444444444444 0.3003471354166667 0.053549537037037034 0.2984375 0.05694444444444444 0.2981770833333333 0.08009259259259259 0.29453125 0.08842592592592592 0.29609375 0.09074074074074073 0.2966145833333333 0.09537037037037036 0.2958333333333333 0.09907407407407406 0.29713541666666665 0.10231481481481482 0.29453125 0.1162037037037037 0.29557291666666663 0.1222222222222222 0.2950520833333333 0.1300925925925926 0.29244791666666664 0.14351851851851852 0.2908854166666667 0.16527777777777777 0.2888020833333333 0.17129629629629628 0.28854166666666664 0.18657407407407406 0.2864583333333333 0.19212962962962962 0.2880208333333333 0.19629629629629627 0.2872395833333333 0.19907407407407407
1 0.5411458333333333 0.26944444444444443 0.5390625 0.2875 0.5390625 0.30787037037037035 0.5395833333333333 0.3138888888888889 0.54140625 0.31712962962962965 0.5419270833333333 0.3263888888888889 0.5395833333333333 0.3393518518518518 0.5390625 0.35509259259259257 0.5361979166666666 0.3694444444444444 0.5385416666666666 0.37777777777777777 0.5372395833333333 0.3898148148148148 0.5356770833333333 0.39259259259259255 0.5354166666666667 0.3958333333333333 0.5356770833333333 0.40092592592592585 0.5377604166666666 0.4041666666666666 0.5380208333333333 0.4097222222222222 0.5375 0.4180555555555555 0.5359375 0.4217592592592593 0.53671875 0.42453703703703705 0.5359375 0.4287037037037037 0.5375 0.43148148148148147 0.53671875 0.4444444444444445 0.5377604166666666 0.44768518518518513 0.540625 0.44907407407407407 0.5427083333333333 0.4439814814814815 0.5447916666666666 0.4222222222222222 0.5442708333333333 0.41666666666666663 0.5458333333333333 0.3972222222222222 0.5442708333333333 0.39398148148148143 0.5442708333333333 0.38564814814814813 0.5458333333333333 0.3523148148148148 0.5484375 0.3416666666666667 0.5494791666666666 0.32546296296296295 0.5489583333333333 0.31111111111111106 0.55 0.2824074074074074 0.5489583333333333 0.27268518518518514 0.5497395833333333 0.2611111111111111 0.5486979166666666 0.25462962962962965 0.5502604166666666 0.2439814814814815 0.5486979166666666 0.23796296296296293 0.5484375 0.22314814814814815 0.5494791666666666 0.2064814814814815 0.5494791666666666 0.175 0.5510416666666667 0.16203703703703703 0.5515625 0.12731481481481483 0.5528645833333333 0.10694444444444444 0.55234375 0.09027777777777776 0.5536458333333333 0.07824074074074074 0.5526041666666666 0.075 0.5536458333333333 0.07129629629629629 0.5541666666666666 0.05740740740740741 0.553125 0.04675925925925926 0.5544270833333333 0.043055555555555555 0.5544270833333333 0.028703703703703703 0.5536458333333333 0.027314814814814813 0.5515625 0.02777777777777778 0.5494791666666666 0.03287037037037037 0.5494791666666666 0.07407407407407407 0.5479166666666666 0.09074074074074073 0.5486979166666666 0.1162037037037037 0.54453125 0.17731481481481481 0.5440104166666666 0.2134259259259259 0.54296875 0.21620370370370368 0.5419270833333333 0.2384259259259259 0.53984375 0.25231481481481477 0.5395833333333333 0.2625 0.5411458333333333 0.26944444444444443
1 0.6080729166666666 0.1537037037037037 0.6091145833333333 0.15787037037037038 0.60859375 0.1611111111111111 0.61171875 0.16157407407407406 0.6140625 0.1550925925925926 0.61640625 0.15416666666666665 0.6153645833333333 0.15 0.6177083333333333 0.13935185185185184 0.6161458333333333 0.13148148148148148 0.6130208333333333 0.14027777777777778 0.6083333333333333 0.1472222222222222 0.609375 0.15185185185185185 0.6080729166666666 0.1537037037037037
1 0.6046875 0.1925925925925926 0.60625 0.19583333333333333 0.6049479166666666 0.199537037037037 0.6065104166666666 0.20277777777777778 0.60546875 0.20555555555555555 0.60625 0.21064814814814814 0.6052083333333333 0.2134259259259259 0.60625 0.21712962962962962 0.6046875 0.21990740740740738 0.6052083333333333 0.23796296296296293 0.6026041666666666 0.2513888888888889 0.603125 0.28703703703703703 0.6 0.3037037037037037 0.6018229166666667 0.3069444444444444 0.6015625 0.32407407407407407 0.5979166666666667 0.3435185185185185 0.5979166666666667 0.3662037037037037 0.5994791666666666 0.3694444444444444 0.59921875 0.37777777777777777 0.5981770833333333 0.38101851851851853 0.59921875 0.3837962962962963 0.59765625 0.3884259259259259 0.5947916666666666 0.3902777777777778 0.5950520833333333 0.3935185185185185 0.5927083333333333 0.40092592592592585 0.59453125 0.4078703703703703 0.5973958333333333 0.40462962962962956 0.5984375 0.4 0.6010416666666666 0.4018518518518518 0.6059895833333333 0.4018518518518518 0.6075520833333333 0.3875 0.6072916666666666 0.3416666666666667 0.6109375 0.30324074074074076 0.6106770833333333 0.2722222222222222 0.6122395833333333 0.2689814814814815 0.6111979166666666 0.2634259259259259 0.6130208333333333 0.25555555555555554 0.6122395833333333 0.24814814814814815 0.6138020833333333 0.24120370370370367 0.6127604166666666 0.2310185185185185 0.6127604166666666 0.22361111111111112 0.6138020833333333 0.22037037037037038 0.6130208333333333 0.2064814814814815 0.6138020833333333 0.18287037037037035 0.6127604166666666 0.1699074074074074 0.6057291666666667 0.1648148148148148 0.6049479166666666 0.17175925925925925 0.60546875 0.18888888888888888 0.6046875 0.1925925925925926
1 0.97109375 0.023148148148148147 0.9744791666666666 0.04722222222222222 0.9747395833333332 0.0611111111111111 0.9783854166666666 0.08796296296296295 0.98046875 0.1449074074074074 0.9833333333333332 0.1685185185185185 0.98359375 0.1912037037037037 0.9854166666666666 0.22037037037037038 0.9854166666666666 0.22824074074074074 0.984375 0.2310185185185185 0.98515625 0.24027777777777776 0.9841145833333332 0.2444444444444444 0.9856770833333333 0.24722222222222218 0.98515625 0.25231481481481477 0.9864583333333332 0.2625 0.9864583333333332 0.26805555555555555 0.98515625 0.27268518518518514 0.9869791666666666 0.29907407407407405 0.9872395833333332 0.33194444444444443 0.9911458333333332 0.33287037037037037 0.9927083333333332 0.31805555555555554 0.9927083333333332 0.2958333333333333 0.99140625 0.2828703703703704 0.9924479166666667 0.2611111111111111 0.9908854166666666 0.20231481481481478 0.9893229166666666 0.19027777777777777 0.9888020833333332 0.16064814814814815 0.9822916666666666 0.07083333333333333 0.9791666666666666 0.05138888888888889 0.978125 0.02037037037037037 0.9755208333333332 0 0.9703125 0 0.97109375 0.023148148148148147
1 0.86796875 0.47453703703703703 0.8682291666666666 0.4875 0.86953125 0.4884259259259259 0.8713541666666667 0.4810185185185185 0.8713541666666667 0.4768518518518518 0.8731770833333332 0.4736111111111111 0.8731770833333332 0.45185185185185184 0.8716145833333332 0.4523148148148148 0.8692708333333332 0.462037037037037 0.86953125 0.4685185185185185 0.86796875 0.47453703703703703
1 0.8671875 0.07592592592592592 0.86484375 0.09305555555555554 0.8669270833333332 0.10694444444444444 0.8674479166666667 0.14398148148148146 0.8666666666666666 0.15138888888888888 0.8674479166666667 0.16527777777777777 0.8651041666666666 0.2013888888888889 0.8658854166666666 0.22268518518518515 0.8645833333333333 0.23796296296296293 0.86640625 0.25277777777777777 0.86484375 0.2689814814814815 0.8653645833333332 0.2759259259259259 0.8643229166666666 0.2796296296296296 0.865625 0.2824074074074074 0.865625 0.2861111111111111 0.8645833333333333 0.2893518518518518 0.8651041666666666 0.29398148148148145 0.8638020833333332 0.2967592592592593 0.8643229166666666 0.30046296296296293 0.8627604166666666 0.3074074074074074 0.8625 0.31574074074074077 0.8638020833333332 0.32037037037037036 0.8627604166666666 0.32407407407407407 0.8630208333333332 0.3347222222222222 0.865625 0.3375 0.86953125 0.3384259259259259 0.8690104166666666 0.3273148148148148 0.871875 0.3208333333333333 0.8723958333333333 0.3138888888888889 0.87109375 0.3106481481481481 0.8713541666666667 0.3037037037037037 0.871875 0.2967592592592593 0.8734375 0.2935185185185185 0.8734375 0.2861111111111111 0.871875 0.2791666666666667 0.871875 0.2685185185185185 0.8734375 0.2587962962962963 0.8729166666666666 0.23287037037037037 0.8736979166666666 0.2189814814814815 0.871875 0.20925925925925926 0.8744791666666666 0.1509259259259259 0.87265625 0.12962962962962962 0.8729166666666666 0.08379629629629629 0.8713541666666667 0.06018518518518519 0.8723958333333333 0.035648148148148144 0.86953125 0 0.8651041666666666 0 0.8653645833333332 0.0412037037037037 0.8671875 0.07592592592592592
1 0.7393229166666666 0.02037037037037037 0.73984375 0.022685185185185183 0.7432291666666666 0.025 0.7447916666666666 0.031018518518518518 0.7440104166666666 0.033796296296296297 0.7453125 0.03611111111111111 0.7442708333333333 0.03796296296296296 0.7447916666666666 0.04074074074074074 0.7484375 0.03796296296296296 0.7528645833333333 0.043055555555555555 0.753125 0.05 0.7544270833333333 0.054629629629629625 0.75390625 0.05740740740740741 0.7557291666666666 0.06018518518518519 0.7549479166666666 0.07083333333333333 0.7557291666666666 0.07407407407407407 0.7557291666666666 0.09583333333333333 0.75390625 0.10555555555555556 0.7557291666666666 0.10879629629629628 0.7559895833333333 0.11435185185185184 0.7557291666666666 0.13148148148148148 0.7536458333333333 0.14537037037037037 0.7544270833333333 0.1638888888888889 0.75078125 0.17546296296296296 0.7481770833333333 0.17824074074074073 0.74765625 0.1847222222222222 0.7481770833333333 0.18888888888888888 0.74921875 0.1884259259259259 0.7528645833333333 0.19537037037037036 0.7515625 0.20277777777777778 0.7528645833333333 0.20555555555555555 0.7528645833333333 0.21712962962962962 0.7536458333333333 0.21990740740740738 0.7526041666666666 0.23055555555555554 0.7533854166666666 0.2375 0.7528645833333333 0.25509259259259254 0.7510416666666666 0.2583333333333333 0.7518229166666666 0.2634259259259259 0.75078125 0.26805555555555555 0.7479166666666666 0.2754629629629629 0.7481770833333333 0.28379629629629627 0.7520833333333333 0.2893518518518518 0.7520833333333333 0.3060185185185185 0.75 0.3138888888888889 0.7518229166666666 0.32037037037037036 0.75078125 0.3277777777777778 0.7513020833333333 0.3347222222222222 0.75 0.3402777777777778 0.7510416666666666 0.3449074074074074 0.7497395833333333 0.3657407407407407 0.75 0.38101851851851853 0.7489583333333333 0.39398148148148143 0.7479166666666666 0.39629629629629626 0.7481770833333333 0.40694444444444444 0.7466145833333333 0.4208333333333333 0.7447916666666666 0.425462962962963 0.74375 0.4351851851851851 0.74296875 0.4560185185185185 0.7434895833333333 0.47638888888888886 0.7411458333333333 0.4875 0.7419270833333333 0.4912037037037037 0.7408854166666666 0.49444444444444435 0.7432291666666666 0.5041666666666667 0.74453125 0.5060185185185185 0.7479166666666666 0.5064814814814815 0.7502604166666667 0.4875 0.7549479166666666 0.4805555555555555 0.7546875 0.4773148148148148 0.75703125 0.4703703703703703 0.7572916666666666 0.462037037037037 0.7591145833333333 0.4569444444444444 0.7583333333333333 0.45138888888888884 0.7609375 0.43981481481481477 0.7591145833333333 0.43240740740740735 0.7614583333333333 0.4287037037037037 0.7596354166666666 0.4208333333333333 0.7591145833333333 0.4106481481481481 0.76015625 0.40370370370370373 0.76171875 0.4018518518518518 0.7625 0.39814814814814814 0.7625 0.3902777777777778 0.7614583333333333 0.38796296296296295 0.7622395833333333 0.3833333333333333 0.7604166666666666 0.38055555555555554 0.7619791666666667 0.3694444444444444 0.7598958333333333 0.36666666666666664 0.7606770833333333 0.3638888888888889 0.7622395833333333 0.36296296296296293 0.7611979166666666 0.3592592592592593 0.7622395833333333 0.35509259259259257 0.7609375 0.3523148148148148 0.7625 0.34953703703703703 0.7625 0.34675925925925927 0.7611979166666666 0.3347222222222222 0.7583333333333333 0.32870370370370366 0.7604166666666666 0.31574074074074077 0.7598958333333333 0.3060185185185185 0.7583333333333333 0.29907407407407405 0.76015625 0.26759259259259255 0.7619791666666667 0.2601851851851852 0.76015625 0.2287037037037037 0.7604166666666666 0.19814814814814813 0.7622395833333333 0.18657407407407406 0.7611979166666666 0.17824074074074073 0.7619791666666667 0.16805555555555554 0.7609375 0.16527777777777777 0.76015625 0.15138888888888888 0.7611979166666666 0.14074074074074075 0.7604166666666666 0.11388888888888889 0.7622395833333333 0.09953703703703703 0.7614583333333333 0.09583333333333333 0.7622395833333333 0.0912037037037037 0.7609375 0.06388888888888888 0.7645833333333333 0.04675925925925926 0.7643229166666666 0.041666666666666664 0.7653645833333333 0.03981481481481482 0.7643229166666666 0.034722222222222224 0.7658854166666667 0.018518518518518517 0.7645833333333333 0.016203703703703703 0.76484375 0.012037037037037037 0.76328125 0.008796296296296297 0.7627604166666666 0 0.746875 0 0.7463541666666667 0.0027777777777777775 0.7432291666666666 0.004629629629629629 0.7427083333333333 0.00787037037037037 0.7408854166666666 0.008333333333333333 0.7419270833333333 0.012037037037037037 0.74140625 0.013425925925925924 0.7372395833333333 0.017592592592592594 0.7369791666666666 0.01898148148148148 0.7393229166666666 0.02037037037037037
1 0.8513020833333332 0.18981481481481483 0.85234375 0.2064814814814815 0.8518229166666667 0.22453703703703703 0.85078125 0.23055555555555554 0.8505208333333332 0.2814814814814815 0.8486979166666666 0.31296296296296294 0.84921875 0.31712962962962965 0.8479166666666667 0.3273148148148148 0.8484375 0.33055555555555555 0.8455729166666666 0.35509259259259257 0.8466145833333332 0.3583333333333333 0.846875 0.3657407407407407 0.8463541666666666 0.38055555555555554 0.8434895833333332 0.40046296296296297 0.84375 0.4060185185185185 0.8419270833333332 0.4143518518518518 0.840625 0.43888888888888883 0.8390625 0.4458333333333333 0.840625 0.45185185185185184 0.83984375 0.45972222222222225 0.8411458333333333 0.46574074074074073 0.840625 0.4703703703703703 0.8427083333333332 0.47175925925925927 0.8440104166666667 0.47638888888888886 0.8434895833333332 0.4842592592592593 0.8450520833333333 0.4898148148148148 0.8463541666666666 0.4884259259259259 0.84765625 0.4805555555555555 0.85078125 0.4773148148148148 0.8481770833333332 0.4694444444444444 0.8497395833333332 0.46018518518518514 0.84765625 0.4523148148148148 0.84921875 0.45 0.8479166666666667 0.4458333333333333 0.8497395833333332 0.43657407407407406 0.8486979166666666 0.4287037037037037 0.8497395833333332 0.42361111111111105 0.8505208333333332 0.40462962962962956 0.85234375 0.39814814814814814 0.8515625 0.38009259259259254 0.853125 0.37037037037037035 0.85390625 0.3333333333333333 0.8557291666666667 0.31157407407407406 0.8552083333333332 0.29212962962962963 0.8567708333333333 0.17546296296296296 0.8552083333333332 0.16805555555555554 0.8565104166666666 0.1648148148148148 0.8549479166666666 0.1625 0.8544270833333332 0.16574074074074072 0.8520833333333332 0.16759259259259257 0.8520833333333332 0.1861111111111111 0.8513020833333332 0.18981481481481483
0 0.009114583333333332 0.37731481481481477 0.006770833333333333 0.38055555555555554 0.002864583333333333 0.3814814814814814 0.0015625 0.37916666666666665 0 0.37916666666666665 0 0.5060185185185185 0.00234375 0.5055555555555555 0.0033854166666666663 0.5018518518518518 0.007291666666666666 0.5018518518518518 0.00859375 0.5046296296296295 0.011979166666666666 0.5037037037037037 0.01484375 0.5069444444444444 0.02005208333333333 0.5027777777777778 0.02239583333333333 0.5060185185185185 0.022916666666666665 0.5120370370370371 0.02578125 0.5125 0.02890625 0.500462962962963 0.029947916666666664 0.499537037037037 0.03307291666666666 0.5013888888888889 0.03411458333333333 0.49907407407407406 0.0390625 0.4976851851851851 0.043229166666666666 0.5032407407407408 0.04609375 0.5013888888888889 0.0453125 0.4976851851851851 0.046614583333333334 0.4962962962962963 0.05390625 0.4962962962962963 0.05651041666666666 0.4976851851851851 0.05833333333333333 0.5018518518518518 0.06510416666666666 0.5050925925925925 0.07109375 0.5050925925925925 0.07317708333333332 0.5013888888888889 0.07395833333333332 0.4930555555555555 0.07552083333333333 0.4912037037037037 0.078125 0.4916666666666666 0.07864583333333333 0.4833333333333333 0.07734375 0.48009259259259257 0.07916666666666666 0.4773148148148148 0.078125 0.4731481481481481 0.07942708333333333 0.4694444444444444 0.08333333333333333 0.46759259259259256 0.08515625 0.47129629629629627 0.09166666666666666 0.46342592592592585 0.09114583333333333 0.46018518518518514 0.09921875 0.449537037037037 0.10130208333333332 0.43888888888888883 0.10572916666666665 0.4291666666666666 0.10677083333333333 0.41527777777777775 0.09947916666666666 0.39768518518518514 0.09869791666666666 0.3837962962962963 0.09713541666666667 0.3875 0.09401041666666667 0.3884259259259259 0.08880208333333332 0.39398148148148143 0.08020833333333333 0.3949074074074074 0.06744791666666666 0.3828703703703703 0.06588541666666667 0.3851851851851852 0.06171875 0.38657407407407407 0.05833333333333333 0.3921296296296296 0.05390625 0.3949074074074074 0.04739583333333333 0.39444444444444443 0.04192708333333333 0.39166666666666666 0.040625 0.38796296296296295 0.03619791666666666 0.38564814814814813 0.034375 0.3824074074074074 0.021875 0.37731481481481477 0.020572916666666666 0.37361111111111106 0.014583333333333332 0.3722222222222222 0.013020833333333332 0.3694444444444444 0.009895833333333333 0.3694444444444444 0.0075520833333333325 0.3726851851851852 0.009114583333333332 0.37731481481481477
0 0.7984375 0.937037037037037 0.7989583333333333 0.95 0.8013020833333332 0.9634259259259259 0.79921875 0.9699074074074074 0.79609375 0.9875 0.7973958333333333 0.9912037037037036 0.7947916666666666 0.9925925925925926 0.7947916666666666 0.9953703703703702 0.7971354166666667 0.9962962962962962 0.7984375 0.999537037037037 0.8416666666666666 0.999537037037037 0.8419270833333332 0.9916666666666666 0.8390625 0.9800925925925925 0.8375 0.9773148148148147 0.8369791666666666 0.9726851851851851 0.8330729166666666 0.9680555555555556 0.8315104166666666 0.9634259259259259 0.8341145833333332 0.961111111111111 0.8388020833333332 0.9601851851851851 0.8419270833333332 0.9569444444444445 0.8416666666666666 0.9546296296296296 0.83984375 0.9527777777777777 0.8388020833333332 0.9412037037037037 0.8341145833333332 0.9314814814814815 0.8388020833333332 0.9185185185185185 0.83828125 0.9143518518518517 0.8361979166666667 0.9111111111111111 0.8361979166666667 0.9069444444444444 0.83828125 0.9037037037037037 0.8359375 0.8921296296296296 0.8361979166666667 0.8782407407407407 0.8315104166666666 0.8675925925925926 0.82578125 0.861574074074074 0.8231770833333332 0.861111111111111 0.8192708333333332 0.8629629629629629 0.8169270833333332 0.8671296296296296 0.8075520833333332 0.8699074074074075 0.8049479166666667 0.8958333333333333 0.8026041666666666 0.9013888888888888 0.7989583333333333 0.9050925925925926 0.7979166666666666 0.9185185185185185 0.79609375 0.925 0.7966145833333333 0.9324074074074075 0.7984375 0.937037037037037
0 0.7020833333333333 0.6324074074074073 0.7067708333333333 0.6337962962962963 0.7130208333333333 0.6425925925925926 0.7174479166666666 0.6435185185185185 0.7213541666666666 0.6407407407407407 0.72265625 0.6430555555555555 0.7236979166666666 0.6509259259259259 0.7270833333333333 0.6481481481481481 0.7294270833333333 0.6398148148148148 0.7354166666666666 0.6379629629629628 0.7393229166666666 0.6273148148148148 0.7411458333333333 0.625 0.7453125 0.6259259259259259 0.7447916666666666 0.6300925925925925 0.74765625 0.6324074074074073 0.75 0.6300925925925925 0.7447916666666666 0.6208333333333333 0.7440104166666666 0.6069444444444444 0.7453125 0.6032407407407407 0.7513020833333333 0.5949074074074073 0.7520833333333333 0.5884259259259259 0.7549479166666666 0.5800925925925926 0.7447916666666666 0.5569444444444444 0.7481770833333333 0.5462962962962963 0.7447916666666666 0.5425925925925925 0.7411458333333333 0.5421296296296296 0.7385416666666667 0.5356481481481481 0.7375 0.5259259259259259 0.7401041666666666 0.5175925925925926 0.7393229166666666 0.5083333333333333 0.7356770833333333 0.5060185185185185 0.73125 0.5064814814814815 0.72734375 0.5203703703703704 0.7197916666666666 0.525462962962963 0.71875 0.5324074074074073 0.7231770833333333 0.5398148148148147 0.7247395833333333 0.5462962962962963 0.72421875 0.55 0.71640625 0.5537037037037036 0.71328125 0.5574074074074074 0.71015625 0.5680555555555555 0.70625 0.5685185185185185 0.7041666666666666 0.5712962962962963 0.7036458333333333 0.5745370370370371 0.7122395833333333 0.5893518518518518 0.7119791666666666 0.5972222222222222 0.7065104166666666 0.6041666666666666 0.7026041666666666 0.6064814814814815 0.6994791666666667 0.6129629629629629 0.6994791666666667 0.6263888888888889 0.7020833333333333 0.6324074074074073
0 0.8455729166666666 0.6208333333333333 0.84765625 0.6365740740740741 0.8473958333333332 0.6421296296296296 0.8486979166666666 0.6472222222222221 0.859375 0.6476851851851851 0.8619791666666666 0.6509259259259259 0.8619791666666666 0.6541666666666666 0.86640625 0.6629629629629629 0.8765625 0.6657407407407407 0.8802083333333333 0.6699074074074074 0.8893229166666666 0.675 0.8885416666666666 0.6847222222222221 0.8856770833333332 0.6888888888888889 0.884375 0.7032407407407407 0.8833333333333332 0.7060185185185185 0.8841145833333333 0.7106481481481481 0.8830729166666667 0.7129629629629629 0.88359375 0.7189814814814814 0.8828125 0.7208333333333333 0.884375 0.7236111111111111 0.8833333333333332 0.7277777777777777 0.88515625 0.7259259259259259 0.8888020833333332 0.7259259259259259 0.8908854166666667 0.7277777777777777 0.8919270833333333 0.7254629629629629 0.8942708333333332 0.7254629629629629 0.8958333333333333 0.7222222222222221 0.8979166666666666 0.7217592592592592 0.8997395833333333 0.7263888888888889 0.8997395833333333 0.7388888888888888 0.9078125 0.7453703703703703 0.9088541666666666 0.7444444444444444 0.9106770833333332 0.7342592592592593 0.91015625 0.7305555555555555 0.9122395833333332 0.7277777777777777 0.9140625 0.7203703703703703 0.9190104166666666 0.7134259259259259 0.9234375 0.7148148148148148 0.9239583333333332 0.7287037037037036 0.91875 0.775 0.9190104166666666 0.7828703703703703 0.9244791666666666 0.7828703703703703 0.9278645833333332 0.775 0.9299479166666667 0.7615740740740741 0.9299479166666667 0.7509259259259259 0.9309895833333333 0.7481481481481481 0.9315104166666666 0.7375 0.9328125 0.7342592592592593 0.9322916666666666 0.7305555555555555 0.9341145833333332 0.7097222222222221 0.9354166666666666 0.7023148148148148 0.9385416666666666 0.7 0.94296875 0.7055555555555555 0.95859375 0.7055555555555555 0.9596354166666666 0.7074074074074074 0.9596354166666666 0.7134259259259259 0.96171875 0.7162037037037037 0.9627604166666666 0.7254629629629629 0.96640625 0.7351851851851852 0.9682291666666666 0.737037037037037 0.96640625 0.7412037037037036 0.9669270833333332 0.7453703703703703 0.9619791666666666 0.7513888888888889 0.9643229166666666 0.7546296296296295 0.9630208333333332 0.7583333333333333 0.9651041666666667 0.7601851851851851 0.965625 0.7643518518518518 0.965625 0.7699074074074074 0.9643229166666666 0.7722222222222221 0.96484375 0.7759259259259259 0.9630208333333332 0.7782407407407407 0.96171875 0.7851851851851851 0.9619791666666666 0.7949074074074074 0.9635416666666666 0.7953703703703703 0.9645833333333332 0.7935185185185185 0.9640625 0.7898148148148147 0.96640625 0.7828703703703703 0.9658854166666666 0.7791666666666666 0.9674479166666666 0.7773148148148148 0.96953125 0.7689814814814814 0.9729166666666667 0.7625 0.9778645833333333 0.7574074074074073 0.9893229166666666 0.7569444444444444 0.99453125 0.7546296296296295 0.99609375 0.7486111111111111 0.99609375 0.7333333333333333 0.9947916666666666 0.7314814814814814 0.9953125 0.7263888888888889 0.9942708333333332 0.7236111111111111 0.99453125 0.7203703703703703 0.9911458333333332 0.7138888888888888 0.9927083333333332 0.7041666666666666 0.9877604166666666 0.6925925925925925 0.9860677083333332 0.6925925925925925 0.984375 0.6898148148148148 0.9848958333333332 0.6824074074074074 0.9841145833333332 0.675 0.9875 0.6722222222222222 0.9916666666666666 0.6722222222222222 0.9997395833333332 0.6685185185185185 0.9997395833333332 0.5671296296296295 0.9981770833333332 0.5671296296296295 0.9953125 0.5606481481481481 0.9927083333333332 0.5592592592592592 0.9911458333333332 0.5560185185185185 0.9885416666666667 0.5578703703703703 0.9880208333333332 0.5537037037037036 0.9854166666666666 0.5527777777777778 0.984375 0.549537037037037 0.9822916666666666 0.548148148148148 0.9802083333333332 0.5435185185185185 0.9791666666666666 0.5328703703703703 0.975 0.5291666666666666 0.975 0.5259259259259259 0.97265625 0.524074074074074 0.97109375 0.5152777777777777 0.9684895833333332 0.5120370370370371 0.9692708333333332 0.5087962962962963 0.9708333333333332 0.5083333333333333 0.96953125 0.5064814814814815 0.9708333333333332 0.5013888888888889 0.9692708333333332 0.5013888888888889 0.9653645833333332 0.4962962962962963 0.9658854166666666 0.4921296296296296 0.9674479166666666 0.4912037037037037 0.9653645833333332 0.49027777777777776 0.96484375 0.48703703703703705 0.9677083333333332 0.4842592592592593 0.9671875 0.4819444444444444 0.97109375 0.475 0.97109375 0.4703703703703703 0.9736979166666666 0.46342592592592585 0.9729166666666667 0.45879629629629626 0.9739583333333333 0.4564814814814815 0.971875 0.4532407407407407 0.97109375 0.4393518518518518 0.97421875 0.4356481481481481 0.97578125 0.4291666666666666 0.9768229166666667 0.4287037037037037 0.9760416666666666 0.4259259259259259 0.9765625 0.4180555555555555 0.9796875 0.4148148148148148 0.9791666666666666 0.4106481481481481 0.98125 0.4078703703703703 0.9783854166666666 0.4041666666666666 0.9794270833333332 0.40046296296296297 0.978125 0.39398148148148143 0.9744791666666666 0.3907407407407407 0.971875 0.3847222222222222 0.971875 0.38055555555555554 0.9747395833333332 0.3694444444444444 0.9765625 0.3662037037037037 0.9752604166666666 0.3592592592592593 0.9763020833333332 0.3486111111111111 0.9734375 0.34444444444444444 0.9734375 0.3333333333333333 0.978125 0.3296296296296296 0.9802083333333332 0.324537037037037 0.9794270833333332 0.3208333333333333 0.9809895833333332 0.31666666666666665 0.97890625 0.30648148148148147 0.975 0.3 0.975 0.2953703703703704 0.9770833333333332 0.2930555555555555 0.9776041666666666 0.2861111111111111 0.96328125 0.26944444444444443 0.9596354166666666 0.2583333333333333 0.9536458333333332 0.25462962962962965 0.9463541666666666 0.2583333333333333 0.9440104166666666 0.2652777777777778 0.94453125 0.2763888888888889 0.9427083333333333 0.2791666666666667 0.9434895833333332 0.2824074074074074 0.9393229166666666 0.2875 0.93515625 0.28425925925925927 0.93359375 0.2754629629629629 0.9260416666666667 0.2601851851851852 0.92421875 0.2601851851851852 0.9158854166666666 0.2689814814814815 0.91640625 0.274074074074074 0.91484375 0.2791666666666667 0.9190104166666666 0.28564814814814815 0.9171875 0.2962962962962963 0.9177083333333332 0.30092592592592593 0.9158854166666666 0.3097222222222222 0.9166666666666666 0.3138888888888889 0.9153645833333333 0.3222222222222222 0.9158854166666666 0.3384259259259259 0.9184895833333332 0.34259259259259256 0.9200520833333332 0.3504629629629629 0.9244791666666666 0.3592592592592593 0.9286458333333332 0.36111111111111105 0.9299479166666667 0.3662037037037037 0.9372395833333332 0.3768518518518518 0.93828125 0.3819444444444444 0.9375 0.387037037037037 0.93828125 0.4041666666666666 0.9380208333333332 0.4111111111111111 0.93671875 0.41574074074074074 0.9322916666666666 0.4148148148148148 0.9252604166666666 0.4208333333333333 0.9171875 0.4287037037037037 0.9145833333333332 0.4356481481481481 0.9145833333333332 0.4393518518518518 0.91640625 0.44305555555555554 0.9166666666666666 0.45 0.91796875 0.4523148148148148 0.9177083333333332 0.4574074074074074 0.9158854166666666 0.4648148148148148 0.9114583333333333 0.4689814814814815 0.90703125 0.4805555555555555 0.9065104166666667 0.4912037037037037 0.9114583333333333 0.5027777777777778 0.9091145833333332 0.5050925925925925 0.915625 0.5092592592592593 0.9182291666666667 0.512962962962963 0.91484375 0.5365740740740741 0.909375 0.5361111111111111 0.9078125 0.5375 0.90703125 0.5361111111111111 0.90625 0.5384259259259259 0.90390625 0.5384259259259259 0.9036458333333333 0.5407407407407407 0.9052083333333332 0.5416666666666666 0.9044270833333332 0.5453703703703703 0.90078125 0.5476851851851852 0.8966145833333332 0.5546296296296296 0.8927083333333332 0.5569444444444444 0.8903645833333332 0.5611111111111111 0.8825520833333332 0.5675925925925925 0.8815104166666666 0.5745370370370371 0.8799479166666666 0.5763888888888888 0.8690104166666666 0.5777777777777777 0.8669270833333332 0.5814814814814815 0.8671875 0.5898148148148148 0.86640625 0.5953703703703703 0.8651041666666666 0.5972222222222222 0.8622395833333332 0.5986111111111111 0.85546875 0.5962962962962963 0.8513020833333332 0.5990740740740741 0.8471354166666666 0.6060185185185185 0.8471354166666666 0.6162037037037036 0.8455729166666666 0.6208333333333333
0 0.2872395833333333 0.45925925925925926 0.2872395833333333 0.46342592592592585 0.28541666666666665 0.4666666666666666 0.28619791666666666 0.47175925925925927 0.290625 0.47129629629629627 0.2984375 0.47916666666666663 0.303125 0.4814814814814815 0.3104166666666667 0.48009259259259257 0.3114583333333333 0.4736111111111111 0.3177083333333333 0.46574074074074073 0.3208333333333333 0.4564814814814815 0.3221354166666667 0.4412037037037037 0.32135416666666666 0.42824074074074076 0.31979166666666664 0.425462962962963 0.31953125 0.41990740740740734 0.32135416666666666 0.4148148148148148 0.32057291666666665 0.4111111111111111 0.3013020833333333 0.4064814814814815 0.2927083333333333 0.40694444444444444 0.2895833333333333 0.4097222222222222 0.28385416666666663 0.4189814814814815 0.2809895833333333 0.4291666666666666 0.28151041666666665 0.4393518518518518 0.2872395833333333 0.45925925925925926
0 0.5119791666666667 0.6222222222222221 0.52890625 0.6236111111111111 0.5359375 0.6157407407407407 0.5376302083333333 0.6157407407407407 0.5395833333333333 0.6185185185185185 0.53984375 0.6212962962962962 0.540625 0.6148148148148148 0.5419270833333333 0.6125 0.54375 0.5967592592592592 0.5466145833333333 0.5935185185185186 0.5502604166666666 0.5967592592592592 0.5536458333333333 0.5962962962962963 0.5565104166666666 0.5925925925925926 0.5559895833333333 0.5902777777777778 0.5497395833333333 0.5856481481481481 0.5489583333333333 0.5791666666666666 0.5520833333333333 0.5708333333333333 0.55234375 0.5671296296296295 0.5544270833333333 0.5638888888888889 0.5544270833333333 0.5564814814814815 0.553125 0.5537037037037036 0.5549479166666667 0.5504629629629629 0.5544270833333333 0.5449074074074074 0.5552083333333333 0.5430555555555555 0.5489583333333333 0.537962962962963 0.5484375 0.5217592592592593 0.5408854166666666 0.5064814814814815 0.5395833333333333 0.5055555555555555 0.5364583333333333 0.5078703703703703 0.5325520833333333 0.5078703703703703 0.52890625 0.5115740740740741 0.5294270833333333 0.5189814814814815 0.5361979166666666 0.5217592592592593 0.5388020833333333 0.5259259259259259 0.5380208333333333 0.5365740740740741 0.53671875 0.5384259259259259 0.5278645833333333 0.5388888888888889 0.5252604166666666 0.5425925925925925 0.52578125 0.55 0.5302083333333333 0.5634259259259259 0.5291666666666666 0.5689814814814815 0.5294270833333333 0.5745370370370371 0.5325520833333333 0.5819444444444444 0.53203125 0.5847222222222223 0.5328125 0.586111111111111 0.5307291666666666 0.5898148148148148 0.52578125 0.5893518518518518 0.5192708333333333 0.5949074074074073 0.5174479166666666 0.6037037037037036 0.5119791666666667 0.6046296296296296 0.5098958333333333 0.6087962962962963 0.50859375 0.6162037037037036 0.5119791666666667 0.6222222222222221
1 0.40703125 0.07314814814814814 0.40625 0.13287037037037036 0.40390625 0.15740740740740738 0.4046875 0.16759259259259257 0.40390625 0.18564814814814815 0.4046875 0.18981481481481483 0.4028645833333333 0.199537037037037 0.4026041666666666 0.22407407407407404 0.40104166666666663 0.23657407407407405 0.3981770833333333 0.2935185185185185 0.3989583333333333 0.3134259259259259 0.3981770833333333 0.32870370370370366 0.39713541666666663 0.33148148148148143 0.396875 0.3458333333333333 0.39921875 0.3555555555555555 0.3984375 0.3824074074074074 0.3942708333333333 0.40046296296296297 0.39375 0.41203703703703703 0.3953125 0.4212962962962963 0.3953125 0.4287037037037037 0.3966145833333333 0.43240740740740735 0.3958333333333333 0.43472222222222223 0.3973958333333333 0.44722222222222224 0.3966145833333333 0.449537037037037 0.39947916666666666 0.45972222222222225 0.39713541666666663 0.46296296296296297 0.39869791666666665 0.46574074074074073 0.3997395833333333 0.4768518518518518 0.39869791666666665 0.48009259259259257 0.39921875 0.49027777777777776 0.3981770833333333 0.4976851851851851 0.39947916666666666 0.5018518518518518 0.39921875 0.5092592592592593 0.3981770833333333 0.5120370370370371 0.39947916666666666 0.5143518518518518 0.39947916666666666 0.5171296296296296 0.3973958333333333 0.5328703703703703 0.4171875 0.5375 0.4192708333333333 0.5560185185185185 0.4177083333333333 0.5745370370370371 0.4190104166666666 0.5787037037037036 0.4184895833333333 0.5800925925925926 0.4216145833333333 0.5759259259259258 0.4221354166666666 0.5726851851851851 0.4234375 0.5606481481481481 0.4231770833333333 0.5504629629629629 0.42421875 0.5467592592592593 0.4236979166666666 0.5439814814814815 0.42578125 0.5328703703703703 0.4252604166666666 0.5291666666666666 0.4270833333333333 0.525 0.4317708333333333 0.5208333333333333 0.4356770833333333 0.5226851851851851 0.4372395833333333 0.5185185185185185 0.43828125 0.5078703703703703 0.44010416666666663 0.5050925925925925 0.43828125 0.500462962962963 0.4393229166666666 0.4981481481481481 0.4385416666666666 0.49398148148148147 0.44010416666666663 0.4916666666666666 0.4385416666666666 0.48703703703703705 0.4403645833333333 0.4842592592592593 0.4395833333333333 0.48009259259259257 0.44010416666666663 0.4768518518518518 0.4385416666666666 0.4736111111111111 0.4403645833333333 0.46990740740740733 0.4393229166666666 0.46712962962962956 0.4393229166666666 0.4625 0.4372395833333333 0.4564814814814815 0.4375 0.4527777777777778 0.4359375 0.449537037037037 0.4364583333333333 0.4458333333333333 0.4341145833333333 0.43425925925925923 0.4346354166666666 0.4273148148148148 0.4359375 0.425 0.4356770833333333 0.42037037037037034 0.4369791666666666 0.4185185185185185 0.4359375 0.41574074074074074 0.4364583333333333 0.4106481481481481 0.4356770833333333 0.4083333333333333 0.4369791666666666 0.40138888888888885 0.4354166666666666 0.39398148148148143 0.43671875 0.3875 0.43619791666666663 0.3833333333333333 0.44010416666666663 0.38009259259259254 0.4385416666666666 0.37546296296296294 0.44010416666666663 0.3731481481481481 0.43984375 0.36898148148148147 0.4416666666666666 0.36712962962962964 0.4427083333333333 0.3625 0.4390625 0.35509259259259257 0.4390625 0.35138888888888886 0.4369791666666666 0.3537037037037037 0.4346354166666666 0.3523148148148148 0.43515625 0.34305555555555556 0.4333333333333333 0.337037037037037 0.4325520833333333 0.32685185185185184 0.4328125 0.3074074074074074 0.43515625 0.28657407407407404 0.434375 0.2828703703703704 0.4346354166666666 0.2583333333333333 0.43359375 0.25555555555555554 0.4333333333333333 0.24166666666666664 0.4341145833333333 0.15694444444444444 0.43515625 0.1472222222222222 0.4346354166666666 0.12268518518518519 0.4372395833333333 0.08194444444444444 0.44010416666666663 0.00787037037037037 0.43984375 0 0.4096354166666666 0 0.4091145833333333 0.005092592592592592 0.4098958333333333 0.050462962962962966 0.40703125 0.07314814814814814
0 0.5919270833333333 0.44490740740740736 0.5966145833333333 0.4444444444444445 0.6033854166666666 0.44675925925925924 0.6059895833333333 0.45185185185185184 0.6057291666666667 0.4583333333333333 0.6022135416666666 0.4611111111111111 0.5916666666666666 0.46342592592592585 0.59296875 0.4652777777777778 0.5932291666666666 0.4703703703703703 0.5953125 0.47407407407407404 0.60078125 0.4689814814814815 0.6028645833333333 0.4694444444444444 0.60390625 0.4722222222222222 0.6057291666666667 0.4722222222222222 0.6072916666666666 0.4819444444444444 0.60703125 0.49398148148148147 0.6049479166666666 0.5009259259259259 0.6036458333333333 0.5185185185185185 0.6018229166666667 0.5222222222222223 0.6041666666666666 0.5259259259259259 0.6015625 0.5287037037037037 0.6020833333333333 0.5337962962962963 0.5997395833333333 0.5787037037037036 0.6020833333333333 0.5805555555555555 0.6044270833333333 0.5611111111111111 0.6041666666666666 0.5527777777777778 0.6065104166666666 0.5328703703703703 0.60625 0.525462962962963 0.6075520833333333 0.5226851851851851 0.609375 0.5222222222222223 0.6083333333333333 0.5199074074074074 0.6080729166666666 0.5046296296296295 0.6098958333333333 0.4981481481481481 0.6109375 0.47824074074074074 0.61328125 0.46759259259259256 0.6135416666666667 0.4564814814814815 0.6171875 0.4458333333333333 0.6182291666666666 0.43611111111111106 0.6223958333333333 0.4259259259259259 0.6184895833333333 0.4111111111111111 0.6174479166666667 0.39398148148148143 0.6161458333333333 0.39166666666666666 0.6125 0.39166666666666666 0.6098958333333333 0.39675925925925926 0.6098958333333333 0.40092592592592585 0.6075520833333333 0.40694444444444444 0.6028645833333333 0.4097222222222222 0.5955729166666666 0.4101851851851851 0.5916666666666666 0.42824074074074076 0.5908854166666666 0.43657407407407406 0.5919270833333333 0.44490740740740736